 44.250000	  -49.750000	
 44.250000	  -49.250000	
 44.750000	  -50.250000	
 44.750000	  -49.750000	
 44.750000	  -49.250000	
 44.750000	  -48.750000	
 44.750000	  -48.250000	
 45.250000	  -50.750000	
 45.250000	  -50.250000	
 45.250000	  -49.750000	
 45.250000	  -49.250000	
 45.250000	  -48.750000	
 45.250000	  -48.250000	
 45.250000	  -47.750000	
 45.750000	  -51.250000	
 45.750000	  -50.750000	
 45.750000	  -50.250000	
 45.750000	  -49.750000	
 45.750000	  -49.250000	
 45.750000	  -48.750000	
 45.750000	  -48.250000	
 45.750000	  -47.750000	
 45.750000	  -47.250000	
 46.250000	  -51.750000	
 46.250000	  -51.250000	
 46.250000	  -50.750000	
 46.250000	  -50.250000	
 46.250000	  -49.750000	
 46.250000	  -49.250000	
 46.250000	  -48.750000	
 46.250000	  -48.250000	
 46.250000	  -47.750000	
 46.250000	  -47.250000	
 46.250000	  -46.750000	
 46.250000	  -46.250000	
 46.750000	  -52.250000	
 46.750000	  -51.750000	
 46.750000	  -51.250000	
 46.750000	  -50.750000	
 46.750000	  -50.250000	
 46.750000	  -49.750000	
 46.750000	  -49.250000	
 46.750000	  -48.750000	
 46.750000	  -48.250000	
 46.750000	  -47.750000	
 46.750000	  -47.250000	
 46.750000	  -46.750000	
 46.750000	  -46.250000	
 47.250000	  -52.250000	
 47.250000	  -51.750000	
 47.250000	  -51.250000	
 47.250000	  -50.750000	
 47.250000	  -50.250000	
 47.250000	  -49.750000	
 47.250000	  -49.250000	
 47.250000	  -48.750000	
 47.250000	  -48.250000	
 47.250000	  -47.750000	
 47.250000	  -47.250000	
 47.250000	  -46.750000	
 47.250000	  -46.250000	
 47.750000	  -52.250000	
 47.750000	  -51.750000	
 47.750000	  -51.250000	
 47.750000	  -50.750000	
 47.750000	  -50.250000	
 47.750000	  -49.750000	
 47.750000	  -49.250000	
 47.750000	  -48.750000	
 47.750000	  -48.250000	
 47.750000	  -47.750000	
 47.750000	  -47.250000	
 47.750000	  -46.750000	
 47.750000	  -46.250000	
 47.750000	  -45.750000	
 48.250000	  -52.250000	
 48.250000	  -51.750000	
 48.250000	  -51.250000	
 48.250000	  -50.750000	
 48.250000	  -50.250000	
 48.250000	  -49.750000	
 48.250000	  -49.250000	
 48.250000	  -48.750000	
 48.250000	  -48.250000	
 48.250000	  -47.750000	
 48.250000	  -47.250000	
 48.250000	  -46.750000	
 48.250000	  -46.250000	
 48.250000	  -45.750000	
 48.750000	  -52.750000	
 48.750000	  -52.250000	
 48.750000	  -51.750000	
 48.750000	  -51.250000	
 48.750000	  -50.750000	
 48.750000	  -50.250000	
 48.750000	  -49.750000	
 48.750000	  -49.250000	
 48.750000	  -48.750000	
 48.750000	  -48.250000	
 48.750000	  -47.750000	
 48.750000	  -47.250000	
 48.750000	  -46.750000	
 48.750000	  -46.250000	
 48.750000	  -45.750000	
 49.250000	  -52.750000	
 49.250000	  -52.250000	
 49.250000	  -51.750000	
 49.250000	  -51.250000	
 49.250000	  -50.750000	
 49.250000	  -50.250000	
 49.250000	  -49.750000	
 49.250000	  -49.250000	
 49.250000	  -48.750000	
 49.250000	  -48.250000	
 49.250000	  -47.750000	
 49.250000	  -47.250000	
 49.250000	  -46.750000	
 49.250000	  -46.250000	
 49.250000	  -45.750000	
 49.750000	  -52.750000	
 49.750000	  -52.250000	
 49.750000	  -51.750000	
 49.750000	  -51.250000	
 49.750000	  -50.750000	
 49.750000	  -50.250000	
 49.750000	  -49.750000	
 49.750000	  -49.250000	
 49.750000	  -48.750000	
 49.750000	  -48.250000	
 49.750000	  -47.750000	
 49.750000	  -47.250000	
 49.750000	  -46.750000	
 49.750000	  -46.250000	
 49.750000	  -45.750000	
 49.750000	  -45.250000	
 50.250000	  -52.750000	
 50.250000	  -52.250000	
 50.250000	  -51.750000	
 50.250000	  -51.250000	
 50.250000	  -50.750000	
 50.250000	  -50.250000	
 50.250000	  -49.750000	
 50.250000	  -49.250000	
 50.250000	  -48.750000	
 50.250000	  -48.250000	
 50.250000	  -47.750000	
 50.250000	  -47.250000	
 50.250000	  -46.750000	
 50.250000	  -46.250000	
 50.250000	  -45.750000	
 50.250000	  -45.250000	
 50.750000	  -52.750000	
 50.750000	  -52.250000	
 50.750000	  -51.750000	
 50.750000	  -51.250000	
 50.750000	  -50.750000	
 50.750000	  -50.250000	
 50.750000	  -49.750000	
 50.750000	  -49.250000	
 50.750000	  -48.750000	
 50.750000	  -48.250000	
 50.750000	  -47.750000	
 50.750000	  -47.250000	
 50.750000	  -46.750000	
 50.750000	  -46.250000	
 50.750000	  -45.750000	
 50.750000	  -45.250000	
 51.250000	  -52.750000	
 51.250000	  -52.250000	
 51.250000	  -51.750000	
 51.250000	  -51.250000	
 51.250000	  -50.750000	
 51.250000	  -50.250000	
 51.250000	  -49.750000	
 51.250000	  -49.250000	
 51.250000	  -48.750000	
 51.250000	  -48.250000	
 51.250000	  -47.750000	
 51.250000	  -47.250000	
 51.250000	  -46.750000	
 51.250000	  -46.250000	
 51.250000	  -45.750000	
 51.250000	  -45.250000	
 51.750000	  -52.750000	
 51.750000	  -52.250000	
 51.750000	  -51.750000	
 51.750000	  -51.250000	
 51.750000	  -50.750000	
 51.750000	  -50.250000	
 51.750000	  -49.750000	
 51.750000	  -49.250000	
 51.750000	  -48.750000	
 51.750000	  -48.250000	
 51.750000	  -47.750000	
 51.750000	  -47.250000	
 51.750000	  -46.750000	
 51.750000	  -46.250000	
 51.750000	  -45.750000	
 51.750000	  -45.250000	
 52.250000	  -53.250000	
 52.250000	  -52.750000	
 52.250000	  -52.250000	
 52.250000	  -51.750000	
 52.250000	  -51.250000	
 52.250000	  -50.750000	
 52.250000	  -50.250000	
 52.250000	  -49.750000	
 52.250000	  -49.250000	
 52.250000	  -48.750000	
 52.250000	  -48.250000	
 52.250000	  -47.750000	
 52.250000	  -47.250000	
 52.250000	  -46.750000	
 52.250000	  -46.250000	
 52.250000	  -45.750000	
 52.250000	  -45.250000	
 52.750000	  -53.250000	
 52.750000	  -52.750000	
 52.750000	  -52.250000	
 52.750000	  -51.750000	
 52.750000	  -51.250000	
 52.750000	  -50.750000	
 52.750000	  -50.250000	
 52.750000	  -49.750000	
 52.750000	  -49.250000	
 52.750000	  -48.750000	
 52.750000	  -48.250000	
 52.750000	  -47.750000	
 52.750000	  -47.250000	
 52.750000	  -46.750000	
 52.750000	  -46.250000	
 52.750000	  -45.750000	
 52.750000	  -45.250000	
 53.250000	  -53.250000	
 53.250000	  -52.750000	
 53.250000	  -52.250000	
 53.250000	  -51.750000	
 53.250000	  -51.250000	
 53.250000	  -50.750000	
 53.250000	  -50.250000	
 53.250000	  -49.750000	
 53.250000	  -49.250000	
 53.250000	  -48.750000	
 53.250000	  -48.250000	
 53.250000	  -47.750000	
 53.250000	  -47.250000	
 53.250000	  -46.750000	
 53.250000	  -46.250000	
 53.250000	  -45.750000	
 53.250000	  -45.250000	
 53.750000	  -53.250000	
 53.750000	  -52.750000	
 53.750000	  -52.250000	
 53.750000	  -51.750000	
 53.750000	  -51.250000	
 53.750000	  -50.750000	
 53.750000	  -50.250000	
 53.750000	  -49.750000	
 53.750000	  -49.250000	
 53.750000	  -48.750000	
 53.750000	  -48.250000	
 53.750000	  -47.750000	
 53.750000	  -47.250000	
 53.750000	  -46.750000	
 53.750000	  -46.250000	
 53.750000	  -45.750000	
 53.750000	  -45.250000	
 54.250000	  -53.250000	
 54.250000	  -52.750000	
 54.250000	  -52.250000	
 54.250000	  -51.750000	
 54.250000	  -51.250000	
 54.250000	  -50.750000	
 54.250000	  -50.250000	
 54.250000	  -49.750000	
 54.250000	  -49.250000	
 54.250000	  -48.750000	
 54.250000	  -48.250000	
 54.250000	  -47.750000	
 54.250000	  -47.250000	
 54.250000	  -46.750000	
 54.250000	  -46.250000	
 54.250000	  -45.750000	
 54.250000	  -45.250000	
 54.750000	  -53.250000	
 54.750000	  -52.750000	
 54.750000	  -52.250000	
 54.750000	  -51.750000	
 54.750000	  -51.250000	
 54.750000	  -50.750000	
 54.750000	  -50.250000	
 54.750000	  -49.750000	
 54.750000	  -49.250000	
 54.750000	  -48.750000	
 54.750000	  -48.250000	
 54.750000	  -47.750000	
 54.750000	  -47.250000	
 54.750000	  -46.750000	
 54.750000	  -46.250000	
 54.750000	  -45.750000	
 54.750000	  -45.250000	
 54.750000	  -44.750000	
 55.250000	  -53.250000	
 55.250000	  -52.750000	
 55.250000	  -52.250000	
 55.250000	  -51.750000	
 55.250000	  -51.250000	
 55.250000	  -50.750000	
 55.250000	  -50.250000	
 55.250000	  -49.750000	
 55.250000	  -49.250000	
 55.250000	  -48.750000	
 55.250000	  -48.250000	
 55.250000	  -47.750000	
 55.250000	  -47.250000	
 55.250000	  -46.750000	
 55.250000	  -46.250000	
 55.250000	  -45.750000	
 55.250000	  -45.250000	
 55.250000	  -44.750000	
 55.750000	  -53.750000	
 55.750000	  -53.250000	
 55.750000	  -52.750000	
 55.750000	  -52.250000	
 55.750000	  -51.750000	
 55.750000	  -51.250000	
 55.750000	  -50.750000	
 55.750000	  -50.250000	
 55.750000	  -49.750000	
 55.750000	  -49.250000	
 55.750000	  -48.750000	
 55.750000	  -48.250000	
 55.750000	  -47.750000	
 55.750000	  -47.250000	
 55.750000	  -46.750000	
 55.750000	  -46.250000	
 55.750000	  -45.750000	
 55.750000	  -45.250000	
 56.250000	  -53.750000	
 56.250000	  -53.250000	
 56.250000	  -52.750000	
 56.250000	  -52.250000	
 56.250000	  -51.750000	
 56.250000	  -51.250000	
 56.250000	  -50.750000	
 56.250000	  -50.250000	
 56.250000	  -49.750000	
 56.250000	  -49.250000	
 56.250000	  -48.750000	
 56.250000	  -48.250000	
 56.250000	  -47.750000	
 56.250000	  -47.250000	
 56.250000	  -46.750000	
 56.250000	  -46.250000	
 56.250000	  -45.750000	
 56.250000	  -45.250000	
 56.750000	  -53.750000	
 56.750000	  -53.250000	
 56.750000	  -52.750000	
 56.750000	  -52.250000	
 56.750000	  -51.750000	
 56.750000	  -51.250000	
 56.750000	  -50.750000	
 56.750000	  -50.250000	
 56.750000	  -49.750000	
 56.750000	  -49.250000	
 56.750000	  -48.750000	
 56.750000	  -48.250000	
 56.750000	  -47.750000	
 56.750000	  -47.250000	
 56.750000	  -46.750000	
 56.750000	  -46.250000	
 56.750000	  -45.750000	
 56.750000	  -45.250000	
 57.250000	  -53.750000	
 57.250000	  -53.250000	
 57.250000	  -52.750000	
 57.250000	  -52.250000	
 57.250000	  -51.750000	
 57.250000	  -51.250000	
 57.250000	  -50.750000	
 57.250000	  -50.250000	
 57.250000	  -49.750000	
 57.250000	  -49.250000	
 57.250000	  -48.750000	
 57.250000	  -48.250000	
 57.250000	  -47.750000	
 57.250000	  -47.250000	
 57.250000	  -46.750000	
 57.250000	  -46.250000	
 57.250000	  -45.750000	
 57.250000	  -45.250000	
 57.750000	  -53.750000	
 57.750000	  -53.250000	
 57.750000	  -52.750000	
 57.750000	  -52.250000	
 57.750000	  -51.750000	
 57.750000	  -51.250000	
 57.750000	  -50.750000	
 57.750000	  -50.250000	
 57.750000	  -49.750000	
 57.750000	  -49.250000	
 57.750000	  -48.750000	
 57.750000	  -48.250000	
 57.750000	  -47.750000	
 57.750000	  -47.250000	
 57.750000	  -46.750000	
 57.750000	  -46.250000	
 57.750000	  -45.750000	
 57.750000	  -45.250000	
 58.250000	  -54.250000	
 58.250000	  -53.750000	
 58.250000	  -53.250000	
 58.250000	  -52.750000	
 58.250000	  -52.250000	
 58.250000	  -51.750000	
 58.250000	  -51.250000	
 58.250000	  -50.750000	
 58.250000	  -50.250000	
 58.250000	  -49.750000	
 58.250000	  -49.250000	
 58.250000	  -48.750000	
 58.250000	  -48.250000	
 58.250000	  -47.750000	
 58.250000	  -47.250000	
 58.250000	  -46.750000	
 58.250000	  -46.250000	
 58.250000	  -45.750000	
 58.250000	  -45.250000	
 58.750000	  -54.250000	
 58.750000	  -53.750000	
 58.750000	  -53.250000	
 58.750000	  -52.750000	
 58.750000	  -52.250000	
 58.750000	  -51.750000	
 58.750000	  -51.250000	
 58.750000	  -50.750000	
 58.750000	  -50.250000	
 58.750000	  -49.750000	
 58.750000	  -49.250000	
 58.750000	  -48.750000	
 58.750000	  -48.250000	
 58.750000	  -47.750000	
 58.750000	  -47.250000	
 58.750000	  -46.750000	
 58.750000	  -46.250000	
 58.750000	  -45.750000	
 58.750000	  -45.250000	
 59.250000	  -54.250000	
 59.250000	  -53.750000	
 59.250000	  -53.250000	
 59.250000	  -52.750000	
 59.250000	  -52.250000	
 59.250000	  -51.750000	
 59.250000	  -51.250000	
 59.250000	  -50.750000	
 59.250000	  -50.250000	
 59.250000	  -49.750000	
 59.250000	  -49.250000	
 59.250000	  -48.750000	
 59.250000	  -48.250000	
 59.250000	  -47.750000	
 59.250000	  -47.250000	
 59.250000	  -46.750000	
 59.250000	  -46.250000	
 59.250000	  -45.750000	
 59.250000	  -45.250000	
 59.750000	  -54.250000	
 59.750000	  -53.750000	
 59.750000	  -53.250000	
 59.750000	  -52.750000	
 59.750000	  -52.250000	
 59.750000	  -51.750000	
 59.750000	  -51.250000	
 59.750000	  -50.750000	
 59.750000	  -50.250000	
 59.750000	  -49.750000	
 59.750000	  -49.250000	
 59.750000	  -48.750000	
 59.750000	  -48.250000	
 59.750000	  -47.750000	
 59.750000	  -47.250000	
 59.750000	  -46.750000	
 59.750000	  -46.250000	
 59.750000	  -45.750000	
 60.250000	  -54.250000	
 60.250000	  -53.750000	
 60.250000	  -53.250000	
 60.250000	  -52.750000	
 60.250000	  -52.250000	
 60.250000	  -51.750000	
 60.250000	  -51.250000	
 60.250000	  -50.750000	
 60.250000	  -50.250000	
 60.250000	  -49.750000	
 60.250000	  -49.250000	
 60.250000	  -48.750000	
 60.250000	  -48.250000	
 60.250000	  -47.750000	
 60.250000	  -47.250000	
 60.250000	  -46.750000	
 60.250000	  -46.250000	
 60.250000	  -45.750000	
 60.750000	  -54.750000	
 60.750000	  -54.250000	
 60.750000	  -53.750000	
 60.750000	  -53.250000	
 60.750000	  -52.750000	
 60.750000	  -52.250000	
 60.750000	  -51.750000	
 60.750000	  -51.250000	
 60.750000	  -50.750000	
 60.750000	  -50.250000	
 60.750000	  -49.750000	
 60.750000	  -49.250000	
 60.750000	  -48.750000	
 60.750000	  -48.250000	
 60.750000	  -47.750000	
 60.750000	  -47.250000	
 60.750000	  -46.750000	
 60.750000	  -46.250000	
 60.750000	  -45.750000	
 61.250000	  -54.750000	
 61.250000	  -54.250000	
 61.250000	  -53.750000	
 61.250000	  -53.250000	
 61.250000	  -52.750000	
 61.250000	  -52.250000	
 61.250000	  -51.750000	
 61.250000	  -51.250000	
 61.250000	  -50.750000	
 61.250000	  -50.250000	
 61.250000	  -49.750000	
 61.250000	  -49.250000	
 61.250000	  -48.750000	
 61.250000	  -48.250000	
 61.250000	  -47.750000	
 61.250000	  -47.250000	
 61.250000	  -46.750000	
 61.250000	  -46.250000	
 61.250000	  -45.750000	
 61.750000	  -54.750000	
 61.750000	  -54.250000	
 61.750000	  -53.750000	
 61.750000	  -53.250000	
 61.750000	  -52.750000	
 61.750000	  -52.250000	
 61.750000	  -51.750000	
 61.750000	  -51.250000	
 61.750000	  -50.750000	
 61.750000	  -50.250000	
 61.750000	  -49.750000	
 61.750000	  -49.250000	
 61.750000	  -48.750000	
 61.750000	  -48.250000	
 61.750000	  -47.750000	
 61.750000	  -47.250000	
 61.750000	  -46.750000	
 61.750000	  -46.250000	
 61.750000	  -45.750000	
 62.250000	  -54.750000	
 62.250000	  -54.250000	
 62.250000	  -53.750000	
 62.250000	  -53.250000	
 62.250000	  -52.750000	
 62.250000	  -52.250000	
 62.250000	  -51.750000	
 62.250000	  -51.250000	
 62.250000	  -50.750000	
 62.250000	  -50.250000	
 62.250000	  -49.750000	
 62.250000	  -49.250000	
 62.250000	  -48.750000	
 62.250000	  -48.250000	
 62.250000	  -47.750000	
 62.250000	  -47.250000	
 62.250000	  -46.750000	
 62.250000	  -46.250000	
 62.750000	  -54.750000	
 62.750000	  -54.250000	
 62.750000	  -53.750000	
 62.750000	  -53.250000	
 62.750000	  -52.750000	
 62.750000	  -52.250000	
 62.750000	  -51.750000	
 62.750000	  -51.250000	
 62.750000	  -50.750000	
 62.750000	  -50.250000	
 62.750000	  -49.750000	
 62.750000	  -49.250000	
 62.750000	  -48.750000	
 62.750000	  -48.250000	
 62.750000	  -47.750000	
 62.750000	  -47.250000	
 62.750000	  -46.750000	
 62.750000	  -46.250000	
 63.250000	  -55.250000	
 63.250000	  -54.750000	
 63.250000	  -54.250000	
 63.250000	  -53.750000	
 63.250000	  -53.250000	
 63.250000	  -52.750000	
 63.250000	  -52.250000	
 63.250000	  -51.750000	
 63.250000	  -51.250000	
 63.250000	  -50.750000	
 63.250000	  -50.250000	
 63.250000	  -49.750000	
 63.250000	  -49.250000	
 63.250000	  -48.750000	
 63.250000	  -48.250000	
 63.250000	  -47.750000	
 63.250000	  -47.250000	
 63.250000	  -46.750000	
 63.250000	  -46.250000	
 63.750000	  -55.250000	
 63.750000	  -54.750000	
 63.750000	  -54.250000	
 63.750000	  -53.750000	
 63.750000	  -53.250000	
 63.750000	  -52.750000	
 63.750000	  -52.250000	
 63.750000	  -51.750000	
 63.750000	  -51.250000	
 63.750000	  -50.750000	
 63.750000	  -50.250000	
 63.750000	  -49.750000	
 63.750000	  -49.250000	
 63.750000	  -48.750000	
 63.750000	  -48.250000	
 63.750000	  -47.750000	
 63.750000	  -47.250000	
 63.750000	  -46.750000	
 63.750000	  -46.250000	
 64.250000	  -55.250000	
 64.250000	  -54.750000	
 64.250000	  -54.250000	
 64.250000	  -53.750000	
 64.250000	  -53.250000	
 64.250000	  -52.750000	
 64.250000	  -52.250000	
 64.250000	  -51.750000	
 64.250000	  -51.250000	
 64.250000	  -50.750000	
 64.250000	  -50.250000	
 64.250000	  -49.750000	
 64.250000	  -49.250000	
 64.250000	  -48.750000	
 64.250000	  -48.250000	
 64.250000	  -47.750000	
 64.250000	  -47.250000	
 64.250000	  -46.750000	
 64.250000	  -46.250000	
 64.750000	  -55.250000	
 64.750000	  -54.750000	
 64.750000	  -54.250000	
 64.750000	  -53.750000	
 64.750000	  -53.250000	
 64.750000	  -52.750000	
 64.750000	  -52.250000	
 64.750000	  -51.750000	
 64.750000	  -51.250000	
 64.750000	  -50.750000	
 64.750000	  -50.250000	
 64.750000	  -49.750000	
 64.750000	  -49.250000	
 64.750000	  -48.750000	
 64.750000	  -48.250000	
 64.750000	  -47.750000	
 64.750000	  -47.250000	
 64.750000	  -46.750000	
 65.250000	  -55.250000	
 65.250000	  -54.750000	
 65.250000	  -54.250000	
 65.250000	  -53.750000	
 65.250000	  -53.250000	
 65.250000	  -52.750000	
 65.250000	  -52.250000	
 65.250000	  -51.750000	
 65.250000	  -51.250000	
 65.250000	  -50.750000	
 65.250000	  -50.250000	
 65.250000	  -49.750000	
 65.250000	  -49.250000	
 65.250000	  -48.750000	
 65.250000	  -48.250000	
 65.250000	  -47.750000	
 65.250000	  -47.250000	
 65.250000	  -46.750000	
 65.750000	  -55.250000	
 65.750000	  -54.750000	
 65.750000	  -54.250000	
 65.750000	  -53.750000	
 65.750000	  -53.250000	
 65.750000	  -52.750000	
 65.750000	  -52.250000	
 65.750000	  -51.750000	
 65.750000	  -51.250000	
 65.750000	  -50.750000	
 65.750000	  -50.250000	
 65.750000	  -49.750000	
 65.750000	  -49.250000	
 65.750000	  -48.750000	
 65.750000	  -48.250000	
 65.750000	  -47.750000	
 65.750000	  -47.250000	
 65.750000	  -46.750000	
 66.250000	  -55.250000	
 66.250000	  -54.750000	
 66.250000	  -54.250000	
 66.250000	  -53.750000	
 66.250000	  -53.250000	
 66.250000	  -52.750000	
 66.250000	  -52.250000	
 66.250000	  -51.750000	
 66.250000	  -51.250000	
 66.250000	  -50.750000	
 66.250000	  -50.250000	
 66.250000	  -49.750000	
 66.250000	  -49.250000	
 66.250000	  -48.750000	
 66.250000	  -48.250000	
 66.250000	  -47.750000	
 66.250000	  -47.250000	
 66.250000	  -46.750000	
 66.750000	  -55.250000	
 66.750000	  -54.750000	
 66.750000	  -54.250000	
 66.750000	  -53.750000	
 66.750000	  -53.250000	
 66.750000	  -52.750000	
 66.750000	  -52.250000	
 66.750000	  -51.750000	
 66.750000	  -51.250000	
 66.750000	  -50.750000	
 66.750000	  -50.250000	
 66.750000	  -49.750000	
 66.750000	  -49.250000	
 66.750000	  -48.750000	
 66.750000	  -48.250000	
 66.750000	  -47.750000	
 66.750000	  -47.250000	
 66.750000	  -46.750000	
 67.250000	  -55.750000	
 67.250000	  -55.250000	
 67.250000	  -54.750000	
 67.250000	  -54.250000	
 67.250000	  -53.750000	
 67.250000	  -53.250000	
 67.250000	  -52.750000	
 67.250000	  -52.250000	
 67.250000	  -51.750000	
 67.250000	  -51.250000	
 67.250000	  -50.750000	
 67.250000	  -50.250000	
 67.250000	  -49.750000	
 67.250000	  -49.250000	
 67.250000	  -48.750000	
 67.250000	  -48.250000	
 67.250000	  -47.750000	
 67.250000	  -47.250000	
 67.750000	  -55.750000	
 67.750000	  -55.250000	
 67.750000	  -54.750000	
 67.750000	  -54.250000	
 67.750000	  -53.750000	
 67.750000	  -53.250000	
 67.750000	  -52.750000	
 67.750000	  -52.250000	
 67.750000	  -51.750000	
 67.750000	  -51.250000	
 67.750000	  -50.750000	
 67.750000	  -50.250000	
 67.750000	  -49.750000	
 67.750000	  -49.250000	
 67.750000	  -48.750000	
 67.750000	  -48.250000	
 67.750000	  -47.750000	
 67.750000	  -47.250000	
 68.250000	  -55.750000	
 68.250000	  -55.250000	
 68.250000	  -54.750000	
 68.250000	  -54.250000	
 68.250000	  -53.750000	
 68.250000	  -53.250000	
 68.250000	  -52.750000	
 68.250000	  -52.250000	
 68.250000	  -51.750000	
 68.250000	  -51.250000	
 68.250000	  -50.750000	
 68.250000	  -50.250000	
 68.250000	  -49.750000	
 68.250000	  -49.250000	
 68.250000	  -48.750000	
 68.250000	  -48.250000	
 68.250000	  -47.750000	
 68.250000	  -47.250000	
 68.750000	  -55.750000	
 68.750000	  -55.250000	
 68.750000	  -54.750000	
 68.750000	  -54.250000	
 68.750000	  -53.750000	
 68.750000	  -53.250000	
 68.750000	  -52.750000	
 68.750000	  -52.250000	
 68.750000	  -51.750000	
 68.750000	  -51.250000	
 68.750000	  -50.750000	
 68.750000	  -50.250000	
 68.750000	  -49.750000	
 68.750000	  -49.250000	
 68.750000	  -48.750000	
 68.750000	  -48.250000	
 68.750000	  -47.750000	
 68.750000	  -47.250000	
 69.250000	  -55.750000	
 69.250000	  -55.250000	
 69.250000	  -54.750000	
 69.250000	  -54.250000	
 69.250000	  -53.750000	
 69.250000	  -53.250000	
 69.250000	  -52.750000	
 69.250000	  -52.250000	
 69.250000	  -51.750000	
 69.250000	  -51.250000	
 69.250000	  -50.750000	
 69.250000	  -50.250000	
 69.250000	  -49.750000	
 69.250000	  -49.250000	
 69.250000	  -48.750000	
 69.250000	  -48.250000	
 69.250000	  -47.750000	
 69.250000	  -47.250000	
 69.750000	  -55.750000	
 69.750000	  -55.250000	
 69.750000	  -54.750000	
 69.750000	  -54.250000	
 69.750000	  -53.750000	
 69.750000	  -53.250000	
 69.750000	  -52.750000	
 69.750000	  -52.250000	
 69.750000	  -51.750000	
 69.750000	  -51.250000	
 69.750000	  -50.750000	
 69.750000	  -50.250000	
 69.750000	  -49.750000	
 69.750000	  -49.250000	
 69.750000	  -48.750000	
 69.750000	  -48.250000	
 69.750000	  -47.750000	
 69.750000	  -47.250000	
 70.250000	  -55.750000	
 70.250000	  -55.250000	
 70.250000	  -54.750000	
 70.250000	  -54.250000	
 70.250000	  -53.750000	
 70.250000	  -53.250000	
 70.250000	  -52.750000	
 70.250000	  -52.250000	
 70.250000	  -51.750000	
 70.250000	  -51.250000	
 70.250000	  -50.750000	
 70.250000	  -50.250000	
 70.250000	  -49.750000	
 70.250000	  -49.250000	
 70.250000	  -48.750000	
 70.250000	  -48.250000	
 70.250000	  -47.750000	
 70.250000	  -47.250000	
 70.750000	  -55.750000	
 70.750000	  -55.250000	
 70.750000	  -54.750000	
 70.750000	  -54.250000	
 70.750000	  -53.750000	
 70.750000	  -53.250000	
 70.750000	  -52.750000	
 70.750000	  -52.250000	
 70.750000	  -51.750000	
 70.750000	  -51.250000	
 70.750000	  -50.750000	
 70.750000	  -50.250000	
 70.750000	  -49.750000	
 70.750000	  -49.250000	
 70.750000	  -48.750000	
 70.750000	  -48.250000	
 70.750000	  -47.750000	
 70.750000	  -47.250000	
 71.250000	  -55.750000	
 71.250000	  -55.250000	
 71.250000	  -54.750000	
 71.250000	  -54.250000	
 71.250000	  -53.750000	
 71.250000	  -53.250000	
 71.250000	  -52.750000	
 71.250000	  -52.250000	
 71.250000	  -51.750000	
 71.250000	  -51.250000	
 71.250000	  -50.750000	
 71.250000	  -50.250000	
 71.250000	  -49.750000	
 71.250000	  -49.250000	
 71.250000	  -48.750000	
 71.250000	  -48.250000	
 71.250000	  -47.750000	
 71.250000	  -47.250000	
 71.750000	  -55.750000	
 71.750000	  -55.250000	
 71.750000	  -54.750000	
 71.750000	  -54.250000	
 71.750000	  -53.750000	
 71.750000	  -53.250000	
 71.750000	  -52.750000	
 71.750000	  -52.250000	
 71.750000	  -51.750000	
 71.750000	  -51.250000	
 71.750000	  -50.750000	
 71.750000	  -50.250000	
 71.750000	  -49.750000	
 71.750000	  -49.250000	
 71.750000	  -48.750000	
 71.750000	  -48.250000	
 71.750000	  -47.750000	
 72.250000	  -55.750000	
 72.250000	  -55.250000	
 72.250000	  -54.750000	
 72.250000	  -54.250000	
 72.250000	  -53.750000	
 72.250000	  -53.250000	
 72.250000	  -52.750000	
 72.250000	  -52.250000	
 72.250000	  -51.750000	
 72.250000	  -51.250000	
 72.250000	  -50.750000	
 72.250000	  -50.250000	
 72.250000	  -49.750000	
 72.250000	  -49.250000	
 72.250000	  -48.750000	
 72.250000	  -48.250000	
 72.250000	  -47.750000	
 72.750000	  -55.750000	
 72.750000	  -55.250000	
 72.750000	  -54.750000	
 72.750000	  -54.250000	
 72.750000	  -53.750000	
 72.750000	  -53.250000	
 72.750000	  -52.750000	
 72.750000	  -52.250000	
 72.750000	  -51.750000	
 72.750000	  -51.250000	
 72.750000	  -50.750000	
 72.750000	  -50.250000	
 72.750000	  -49.750000	
 72.750000	  -49.250000	
 72.750000	  -48.750000	
 72.750000	  -48.250000	
 72.750000	  -47.750000	
 73.250000	  -55.750000	
 73.250000	  -55.250000	
 73.250000	  -54.750000	
 73.250000	  -54.250000	
 73.250000	  -53.750000	
 73.250000	  -53.250000	
 73.250000	  -52.750000	
 73.250000	  -52.250000	
 73.250000	  -51.750000	
 73.250000	  -51.250000	
 73.250000	  -50.750000	
 73.250000	  -50.250000	
 73.250000	  -49.750000	
 73.250000	  -49.250000	
 73.250000	  -48.750000	
 73.250000	  -48.250000	
 73.250000	  -47.750000	
 73.750000	  -55.750000	
 73.750000	  -55.250000	
 73.750000	  -54.750000	
 73.750000	  -54.250000	
 73.750000	  -53.750000	
 73.750000	  -53.250000	
 73.750000	  -52.750000	
 73.750000	  -52.250000	
 73.750000	  -51.750000	
 73.750000	  -51.250000	
 73.750000	  -50.750000	
 73.750000	  -50.250000	
 73.750000	  -49.750000	
 73.750000	  -49.250000	
 73.750000	  -48.750000	
 73.750000	  -48.250000	
 73.750000	  -47.750000	
 74.250000	  -55.750000	
 74.250000	  -55.250000	
 74.250000	  -54.750000	
 74.250000	  -54.250000	
 74.250000	  -53.750000	
 74.250000	  -53.250000	
 74.250000	  -52.750000	
 74.250000	  -52.250000	
 74.250000	  -51.750000	
 74.250000	  -51.250000	
 74.250000	  -50.750000	
 74.250000	  -50.250000	
 74.250000	  -49.750000	
 74.250000	  -49.250000	
 74.250000	  -48.750000	
 74.250000	  -48.250000	
 74.250000	  -47.750000	
 74.750000	  -55.750000	
 74.750000	  -55.250000	
 74.750000	  -54.750000	
 74.750000	  -54.250000	
 74.750000	  -53.750000	
 74.750000	  -53.250000	
 74.750000	  -52.750000	
 74.750000	  -52.250000	
 74.750000	  -51.750000	
 74.750000	  -51.250000	
 74.750000	  -50.750000	
 74.750000	  -50.250000	
 74.750000	  -49.750000	
 74.750000	  -49.250000	
 74.750000	  -48.750000	
 74.750000	  -48.250000	
 74.750000	  -47.750000	
 75.250000	  -55.250000	
 75.250000	  -54.750000	
 75.250000	  -54.250000	
 75.250000	  -53.750000	
 75.250000	  -53.250000	
 75.250000	  -52.750000	
 75.250000	  -52.250000	
 75.250000	  -51.750000	
 75.250000	  -51.250000	
 75.250000	  -50.750000	
 75.250000	  -50.250000	
 75.250000	  -49.750000	
 75.250000	  -49.250000	
 75.250000	  -48.750000	
 75.250000	  -48.250000	
 75.250000	  -47.750000	
 75.750000	  -55.250000	
 75.750000	  -54.750000	
 75.750000	  -54.250000	
 75.750000	  -53.750000	
 75.750000	  -53.250000	
 75.750000	  -52.750000	
 75.750000	  -52.250000	
 75.750000	  -51.750000	
 75.750000	  -51.250000	
 75.750000	  -50.750000	
 75.750000	  -50.250000	
 75.750000	  -49.750000	
 75.750000	  -49.250000	
 75.750000	  -48.750000	
 75.750000	  -48.250000	
 76.250000	  -55.250000	
 76.250000	  -54.750000	
 76.250000	  -54.250000	
 76.250000	  -53.750000	
 76.250000	  -53.250000	
 76.250000	  -52.750000	
 76.250000	  -52.250000	
 76.250000	  -51.750000	
 76.250000	  -51.250000	
 76.250000	  -50.750000	
 76.250000	  -50.250000	
 76.250000	  -49.750000	
 76.250000	  -49.250000	
 76.250000	  -48.750000	
 76.250000	  -48.250000	
 76.750000	  -54.750000	
 76.750000	  -54.250000	
 76.750000	  -53.750000	
 76.750000	  -53.250000	
 76.750000	  -52.750000	
 76.750000	  -52.250000	
 76.750000	  -51.750000	
 76.750000	  -51.250000	
 76.750000	  -50.750000	
 76.750000	  -50.250000	
 76.750000	  -49.750000	
 76.750000	  -49.250000	
 76.750000	  -48.750000	
 77.250000	  -54.750000	
 77.250000	  -54.250000	
 77.250000	  -53.750000	
 77.250000	  -53.250000	
 77.250000	  -52.750000	
 77.250000	  -52.250000	
 77.250000	  -51.750000	
 77.250000	  -51.250000	
 77.250000	  -50.750000	
 77.250000	  -50.250000	
 77.250000	  -49.750000	
 77.250000	  -49.250000	
 77.250000	  -48.750000	
 77.750000	  -54.250000	
 77.750000	  -53.750000	
 77.750000	  -53.250000	
 77.750000	  -52.750000	
 77.750000	  -52.250000	
 77.750000	  -51.750000	
 77.750000	  -51.250000	
 77.750000	  -50.750000	
 77.750000	  -50.250000	
 77.750000	  -49.750000	
 77.750000	  -49.250000	
 78.250000	  -54.250000	
 78.250000	  -53.750000	
 78.250000	  -53.250000	
 78.250000	  -52.750000	
 78.250000	  -52.250000	
 78.250000	  -51.750000	
 78.250000	  -51.250000	
 78.250000	  -50.750000	
 78.250000	  -50.250000	
 78.250000	  -49.750000	
 78.250000	  -49.250000	
 78.750000	  -53.250000	
 78.750000	  -52.750000	
 78.750000	  -52.250000	
 78.750000	  -51.750000	
 78.750000	  -51.250000	
 78.750000	  -50.750000	
 78.750000	  -50.250000	
 78.750000	  -49.750000	
 79.250000	  -51.750000	
 79.250000	  -51.250000	
 79.250000	  -50.750000	
 79.250000	  -50.250000	
 79.750000	  -50.250000	
