 -19.750000	  52.750000	
 -19.750000	  53.250000	
 -19.250000	  50.250000	
 -19.250000	  50.750000	
 -19.250000	  51.250000	
 -19.250000	  51.750000	
 -19.250000	  52.250000	
 -19.250000	  52.750000	
 -19.250000	  53.250000	
 -19.250000	  53.750000	
 -18.750000	  48.750000	
 -18.750000	  49.250000	
 -18.750000	  49.750000	
 -18.750000	  50.250000	
 -18.750000	  50.750000	
 -18.750000	  51.250000	
 -18.750000	  51.750000	
 -18.750000	  52.250000	
 -18.750000	  52.750000	
 -18.750000	  53.250000	
 -18.750000	  53.750000	
 -18.750000	  54.250000	
 -18.250000	  48.750000	
 -18.250000	  49.250000	
 -18.250000	  49.750000	
 -18.250000	  50.250000	
 -18.250000	  50.750000	
 -18.250000	  51.250000	
 -18.250000	  51.750000	
 -18.250000	  52.250000	
 -18.250000	  52.750000	
 -18.250000	  53.250000	
 -18.250000	  53.750000	
 -18.250000	  54.250000	
 -18.250000	  54.750000	
 -17.750000	  48.250000	
 -17.750000	  48.750000	
 -17.750000	  49.250000	
 -17.750000	  49.750000	
 -17.750000	  50.250000	
 -17.750000	  50.750000	
 -17.750000	  51.250000	
 -17.750000	  51.750000	
 -17.750000	  52.250000	
 -17.750000	  52.750000	
 -17.750000	  53.250000	
 -17.750000	  53.750000	
 -17.750000	  54.250000	
 -17.750000	  54.750000	
 -17.750000	  55.250000	
 -17.250000	  48.250000	
 -17.250000	  48.750000	
 -17.250000	  49.250000	
 -17.250000	  49.750000	
 -17.250000	  50.250000	
 -17.250000	  50.750000	
 -17.250000	  51.250000	
 -17.250000	  51.750000	
 -17.250000	  52.250000	
 -17.250000	  52.750000	
 -17.250000	  53.250000	
 -17.250000	  53.750000	
 -17.250000	  54.250000	
 -17.250000	  54.750000	
 -17.250000	  55.250000	
 -17.250000	  55.750000	
 -16.750000	  48.250000	
 -16.750000	  48.750000	
 -16.750000	  49.250000	
 -16.750000	  49.750000	
 -16.750000	  50.250000	
 -16.750000	  50.750000	
 -16.750000	  51.250000	
 -16.750000	  51.750000	
 -16.750000	  52.250000	
 -16.750000	  52.750000	
 -16.750000	  53.250000	
 -16.750000	  53.750000	
 -16.750000	  54.250000	
 -16.750000	  54.750000	
 -16.750000	  55.250000	
 -16.750000	  55.750000	
 -16.250000	  48.250000	
 -16.250000	  48.750000	
 -16.250000	  49.250000	
 -16.250000	  49.750000	
 -16.250000	  50.250000	
 -16.250000	  50.750000	
 -16.250000	  51.250000	
 -16.250000	  51.750000	
 -16.250000	  52.250000	
 -16.250000	  52.750000	
 -16.250000	  53.250000	
 -16.250000	  53.750000	
 -16.250000	  54.250000	
 -16.250000	  54.750000	
 -16.250000	  55.250000	
 -16.250000	  55.750000	
 -16.250000	  56.250000	
 -15.750000	  47.750000	
 -15.750000	  48.250000	
 -15.750000	  48.750000	
 -15.750000	  49.250000	
 -15.750000	  49.750000	
 -15.750000	  50.250000	
 -15.750000	  50.750000	
 -15.750000	  51.250000	
 -15.750000	  51.750000	
 -15.750000	  52.250000	
 -15.750000	  52.750000	
 -15.750000	  53.250000	
 -15.750000	  53.750000	
 -15.750000	  54.250000	
 -15.750000	  54.750000	
 -15.750000	  55.250000	
 -15.750000	  55.750000	
 -15.750000	  56.250000	
 -15.750000	  56.750000	
 -15.250000	  47.750000	
 -15.250000	  48.250000	
 -15.250000	  48.750000	
 -15.250000	  49.250000	
 -15.250000	  49.750000	
 -15.250000	  50.250000	
 -15.250000	  50.750000	
 -15.250000	  51.250000	
 -15.250000	  51.750000	
 -15.250000	  52.250000	
 -15.250000	  52.750000	
 -15.250000	  53.250000	
 -15.250000	  53.750000	
 -15.250000	  54.250000	
 -15.250000	  54.750000	
 -15.250000	  55.250000	
 -15.250000	  55.750000	
 -15.250000	  56.250000	
 -15.250000	  56.750000	
 -14.750000	  47.750000	
 -14.750000	  48.250000	
 -14.750000	  48.750000	
 -14.750000	  49.250000	
 -14.750000	  49.750000	
 -14.750000	  50.250000	
 -14.750000	  50.750000	
 -14.750000	  51.250000	
 -14.750000	  51.750000	
 -14.750000	  52.250000	
 -14.750000	  52.750000	
 -14.750000	  53.250000	
 -14.750000	  53.750000	
 -14.750000	  54.250000	
 -14.750000	  54.750000	
 -14.750000	  55.250000	
 -14.750000	  55.750000	
 -14.750000	  56.250000	
 -14.750000	  56.750000	
 -14.250000	  47.750000	
 -14.250000	  48.250000	
 -14.250000	  48.750000	
 -14.250000	  49.250000	
 -14.250000	  49.750000	
 -14.250000	  50.250000	
 -14.250000	  50.750000	
 -14.250000	  51.250000	
 -14.250000	  51.750000	
 -14.250000	  52.250000	
 -14.250000	  52.750000	
 -14.250000	  53.250000	
 -14.250000	  53.750000	
 -14.250000	  54.250000	
 -14.250000	  54.750000	
 -14.250000	  55.250000	
 -14.250000	  55.750000	
 -14.250000	  56.250000	
 -14.250000	  56.750000	
 -14.250000	  57.250000	
 -13.750000	  47.750000	
 -13.750000	  48.250000	
 -13.750000	  48.750000	
 -13.750000	  49.250000	
 -13.750000	  49.750000	
 -13.750000	  50.250000	
 -13.750000	  50.750000	
 -13.750000	  51.250000	
 -13.750000	  51.750000	
 -13.750000	  52.250000	
 -13.750000	  52.750000	
 -13.750000	  53.250000	
 -13.750000	  53.750000	
 -13.750000	  54.250000	
 -13.750000	  54.750000	
 -13.750000	  55.250000	
 -13.750000	  55.750000	
 -13.750000	  56.250000	
 -13.750000	  56.750000	
 -13.750000	  57.250000	
 -13.250000	  47.750000	
 -13.250000	  48.250000	
 -13.250000	  48.750000	
 -13.250000	  49.250000	
 -13.250000	  49.750000	
 -13.250000	  50.250000	
 -13.250000	  50.750000	
 -13.250000	  51.250000	
 -13.250000	  51.750000	
 -13.250000	  52.250000	
 -13.250000	  52.750000	
 -13.250000	  53.250000	
 -13.250000	  53.750000	
 -13.250000	  54.250000	
 -13.250000	  54.750000	
 -13.250000	  55.250000	
 -13.250000	  55.750000	
 -13.250000	  56.250000	
 -13.250000	  56.750000	
 -13.250000	  57.250000	
 -13.250000	  57.750000	
 -12.750000	  47.750000	
 -12.750000	  48.250000	
 -12.750000	  48.750000	
 -12.750000	  49.250000	
 -12.750000	  49.750000	
 -12.750000	  50.250000	
 -12.750000	  50.750000	
 -12.750000	  51.250000	
 -12.750000	  51.750000	
 -12.750000	  52.250000	
 -12.750000	  52.750000	
 -12.750000	  53.250000	
 -12.750000	  53.750000	
 -12.750000	  54.250000	
 -12.750000	  54.750000	
 -12.750000	  55.250000	
 -12.750000	  55.750000	
 -12.750000	  56.250000	
 -12.750000	  56.750000	
 -12.750000	  57.250000	
 -12.750000	  57.750000	
 -12.250000	  47.750000	
 -12.250000	  48.250000	
 -12.250000	  48.750000	
 -12.250000	  49.250000	
 -12.250000	  49.750000	
 -12.250000	  50.250000	
 -12.250000	  50.750000	
 -12.250000	  51.250000	
 -12.250000	  51.750000	
 -12.250000	  52.250000	
 -12.250000	  52.750000	
 -12.250000	  53.250000	
 -12.250000	  53.750000	
 -12.250000	  54.250000	
 -12.250000	  54.750000	
 -12.250000	  55.250000	
 -12.250000	  55.750000	
 -12.250000	  56.250000	
 -12.250000	  56.750000	
 -12.250000	  57.250000	
 -12.250000	  57.750000	
 -11.750000	  47.750000	
 -11.750000	  48.250000	
 -11.750000	  48.750000	
 -11.750000	  49.250000	
 -11.750000	  49.750000	
 -11.750000	  50.250000	
 -11.750000	  50.750000	
 -11.750000	  51.250000	
 -11.750000	  51.750000	
 -11.750000	  52.250000	
 -11.750000	  52.750000	
 -11.750000	  53.250000	
 -11.750000	  53.750000	
 -11.750000	  54.250000	
 -11.750000	  54.750000	
 -11.750000	  55.250000	
 -11.750000	  55.750000	
 -11.750000	  56.250000	
 -11.750000	  56.750000	
 -11.750000	  57.250000	
 -11.750000	  57.750000	
 -11.750000	  58.250000	
 -11.250000	  47.750000	
 -11.250000	  48.250000	
 -11.250000	  48.750000	
 -11.250000	  49.250000	
 -11.250000	  49.750000	
 -11.250000	  50.250000	
 -11.250000	  50.750000	
 -11.250000	  51.250000	
 -11.250000	  51.750000	
 -11.250000	  52.250000	
 -11.250000	  52.750000	
 -11.250000	  53.250000	
 -11.250000	  53.750000	
 -11.250000	  54.250000	
 -11.250000	  54.750000	
 -11.250000	  55.250000	
 -11.250000	  55.750000	
 -11.250000	  56.250000	
 -11.250000	  56.750000	
 -11.250000	  57.250000	
 -11.250000	  57.750000	
 -11.250000	  58.250000	
 -10.750000	  47.750000	
 -10.750000	  48.250000	
 -10.750000	  48.750000	
 -10.750000	  49.250000	
 -10.750000	  49.750000	
 -10.750000	  50.250000	
 -10.750000	  50.750000	
 -10.750000	  51.250000	
 -10.750000	  51.750000	
 -10.750000	  52.250000	
 -10.750000	  52.750000	
 -10.750000	  53.250000	
 -10.750000	  53.750000	
 -10.750000	  54.250000	
 -10.750000	  54.750000	
 -10.750000	  55.250000	
 -10.750000	  55.750000	
 -10.750000	  56.250000	
 -10.750000	  56.750000	
 -10.750000	  57.250000	
 -10.750000	  57.750000	
 -10.750000	  58.250000	
 -10.250000	  47.750000	
 -10.250000	  48.250000	
 -10.250000	  48.750000	
 -10.250000	  49.250000	
 -10.250000	  49.750000	
 -10.250000	  50.250000	
 -10.250000	  50.750000	
 -10.250000	  51.250000	
 -10.250000	  51.750000	
 -10.250000	  52.250000	
 -10.250000	  52.750000	
 -10.250000	  53.250000	
 -10.250000	  53.750000	
 -10.250000	  54.250000	
 -10.250000	  54.750000	
 -10.250000	  55.250000	
 -10.250000	  55.750000	
 -10.250000	  56.250000	
 -10.250000	  56.750000	
 -10.250000	  57.250000	
 -10.250000	  57.750000	
 -10.250000	  58.250000	
 -10.250000	  58.750000	
 -9.750000	  47.750000	
 -9.750000	  48.250000	
 -9.750000	  48.750000	
 -9.750000	  49.250000	
 -9.750000	  49.750000	
 -9.750000	  50.250000	
 -9.750000	  50.750000	
 -9.750000	  51.250000	
 -9.750000	  51.750000	
 -9.750000	  52.250000	
 -9.750000	  52.750000	
 -9.750000	  53.250000	
 -9.750000	  53.750000	
 -9.750000	  54.250000	
 -9.750000	  54.750000	
 -9.750000	  55.250000	
 -9.750000	  55.750000	
 -9.750000	  56.250000	
 -9.750000	  56.750000	
 -9.750000	  57.250000	
 -9.750000	  57.750000	
 -9.750000	  58.250000	
 -9.750000	  58.750000	
 -9.250000	  48.250000	
 -9.250000	  48.750000	
 -9.250000	  49.250000	
 -9.250000	  49.750000	
 -9.250000	  50.250000	
 -9.250000	  50.750000	
 -9.250000	  51.250000	
 -9.250000	  51.750000	
 -9.250000	  52.250000	
 -9.250000	  52.750000	
 -9.250000	  53.250000	
 -9.250000	  53.750000	
 -9.250000	  54.250000	
 -9.250000	  54.750000	
 -9.250000	  55.250000	
 -9.250000	  55.750000	
 -9.250000	  56.250000	
 -9.250000	  56.750000	
 -9.250000	  57.250000	
 -9.250000	  57.750000	
 -9.250000	  58.250000	
 -9.250000	  58.750000	
 -8.750000	  48.250000	
 -8.750000	  48.750000	
 -8.750000	  49.250000	
 -8.750000	  49.750000	
 -8.750000	  50.250000	
 -8.750000	  50.750000	
 -8.750000	  51.250000	
 -8.750000	  51.750000	
 -8.750000	  52.250000	
 -8.750000	  52.750000	
 -8.750000	  53.250000	
 -8.750000	  53.750000	
 -8.750000	  54.250000	
 -8.750000	  54.750000	
 -8.750000	  55.250000	
 -8.750000	  55.750000	
 -8.750000	  56.250000	
 -8.750000	  56.750000	
 -8.750000	  57.250000	
 -8.750000	  57.750000	
 -8.750000	  58.250000	
 -8.750000	  58.750000	
 -8.250000	  48.250000	
 -8.250000	  48.750000	
 -8.250000	  49.250000	
 -8.250000	  49.750000	
 -8.250000	  50.250000	
 -8.250000	  50.750000	
 -8.250000	  51.250000	
 -8.250000	  51.750000	
 -8.250000	  52.250000	
 -8.250000	  52.750000	
 -8.250000	  53.250000	
 -8.250000	  53.750000	
 -8.250000	  54.250000	
 -8.250000	  54.750000	
 -8.250000	  55.250000	
 -8.250000	  55.750000	
 -8.250000	  56.250000	
 -8.250000	  56.750000	
 -8.250000	  57.250000	
 -8.250000	  57.750000	
 -8.250000	  58.250000	
 -8.250000	  58.750000	
 -7.750000	  48.250000	
 -7.750000	  48.750000	
 -7.750000	  49.250000	
 -7.750000	  49.750000	
 -7.750000	  50.250000	
 -7.750000	  50.750000	
 -7.750000	  51.250000	
 -7.750000	  51.750000	
 -7.750000	  52.250000	
 -7.750000	  52.750000	
 -7.750000	  53.250000	
 -7.750000	  53.750000	
 -7.750000	  54.250000	
 -7.750000	  54.750000	
 -7.750000	  55.250000	
 -7.750000	  55.750000	
 -7.750000	  56.250000	
 -7.750000	  56.750000	
 -7.750000	  57.250000	
 -7.750000	  57.750000	
 -7.750000	  58.250000	
 -7.750000	  58.750000	
 -7.750000	  59.250000	
 -7.250000	  48.250000	
 -7.250000	  48.750000	
 -7.250000	  49.250000	
 -7.250000	  49.750000	
 -7.250000	  50.250000	
 -7.250000	  50.750000	
 -7.250000	  51.250000	
 -7.250000	  51.750000	
 -7.250000	  52.250000	
 -7.250000	  52.750000	
 -7.250000	  53.250000	
 -7.250000	  53.750000	
 -7.250000	  54.250000	
 -7.250000	  54.750000	
 -7.250000	  55.250000	
 -7.250000	  55.750000	
 -7.250000	  56.250000	
 -7.250000	  56.750000	
 -7.250000	  57.250000	
 -7.250000	  57.750000	
 -7.250000	  58.250000	
 -7.250000	  58.750000	
 -7.250000	  59.250000	
 -6.750000	  48.750000	
 -6.750000	  49.250000	
 -6.750000	  49.750000	
 -6.750000	  50.250000	
 -6.750000	  50.750000	
 -6.750000	  51.250000	
 -6.750000	  51.750000	
 -6.750000	  52.250000	
 -6.750000	  52.750000	
 -6.750000	  53.250000	
 -6.750000	  53.750000	
 -6.750000	  54.250000	
 -6.750000	  54.750000	
 -6.750000	  55.250000	
 -6.750000	  55.750000	
 -6.750000	  56.250000	
 -6.750000	  56.750000	
 -6.750000	  57.250000	
 -6.750000	  57.750000	
 -6.750000	  58.250000	
 -6.750000	  58.750000	
 -6.750000	  59.250000	
 -6.250000	  48.750000	
 -6.250000	  49.250000	
 -6.250000	  49.750000	
 -6.250000	  50.250000	
 -6.250000	  50.750000	
 -6.250000	  51.250000	
 -6.250000	  51.750000	
 -6.250000	  52.250000	
 -6.250000	  52.750000	
 -6.250000	  53.250000	
 -6.250000	  53.750000	
 -6.250000	  54.250000	
 -6.250000	  54.750000	
 -6.250000	  55.250000	
 -6.250000	  55.750000	
 -6.250000	  56.250000	
 -6.250000	  56.750000	
 -6.250000	  57.250000	
 -6.250000	  57.750000	
 -6.250000	  58.250000	
 -6.250000	  58.750000	
 -6.250000	  59.250000	
 -5.750000	  48.750000	
 -5.750000	  49.250000	
 -5.750000	  49.750000	
 -5.750000	  50.250000	
 -5.750000	  50.750000	
 -5.750000	  51.250000	
 -5.750000	  51.750000	
 -5.750000	  52.250000	
 -5.750000	  52.750000	
 -5.750000	  53.250000	
 -5.750000	  53.750000	
 -5.750000	  54.250000	
 -5.750000	  54.750000	
 -5.750000	  55.250000	
 -5.750000	  55.750000	
 -5.750000	  56.250000	
 -5.750000	  56.750000	
 -5.750000	  57.250000	
 -5.750000	  57.750000	
 -5.750000	  58.250000	
 -5.750000	  58.750000	
 -5.750000	  59.250000	
 -5.250000	  48.750000	
 -5.250000	  49.250000	
 -5.250000	  49.750000	
 -5.250000	  50.250000	
 -5.250000	  50.750000	
 -5.250000	  51.250000	
 -5.250000	  51.750000	
 -5.250000	  52.250000	
 -5.250000	  52.750000	
 -5.250000	  53.250000	
 -5.250000	  53.750000	
 -5.250000	  54.250000	
 -5.250000	  54.750000	
 -5.250000	  55.250000	
 -5.250000	  55.750000	
 -5.250000	  56.250000	
 -5.250000	  56.750000	
 -5.250000	  57.250000	
 -5.250000	  57.750000	
 -5.250000	  58.250000	
 -5.250000	  58.750000	
 -5.250000	  59.250000	
 -5.250000	  59.750000	
 -4.750000	  49.250000	
 -4.750000	  49.750000	
 -4.750000	  50.250000	
 -4.750000	  50.750000	
 -4.750000	  51.250000	
 -4.750000	  51.750000	
 -4.750000	  52.250000	
 -4.750000	  52.750000	
 -4.750000	  53.250000	
 -4.750000	  53.750000	
 -4.750000	  54.250000	
 -4.750000	  54.750000	
 -4.750000	  55.250000	
 -4.750000	  55.750000	
 -4.750000	  56.250000	
 -4.750000	  56.750000	
 -4.750000	  57.250000	
 -4.750000	  57.750000	
 -4.750000	  58.250000	
 -4.750000	  58.750000	
 -4.750000	  59.250000	
 -4.750000	  59.750000	
 -4.250000	  49.250000	
 -4.250000	  49.750000	
 -4.250000	  50.250000	
 -4.250000	  50.750000	
 -4.250000	  51.250000	
 -4.250000	  51.750000	
 -4.250000	  52.250000	
 -4.250000	  52.750000	
 -4.250000	  53.250000	
 -4.250000	  53.750000	
 -4.250000	  54.250000	
 -4.250000	  54.750000	
 -4.250000	  55.250000	
 -4.250000	  55.750000	
 -4.250000	  56.250000	
 -4.250000	  56.750000	
 -4.250000	  57.250000	
 -4.250000	  57.750000	
 -4.250000	  58.250000	
 -4.250000	  58.750000	
 -4.250000	  59.250000	
 -4.250000	  59.750000	
 -3.750000	  49.750000	
 -3.750000	  50.250000	
 -3.750000	  50.750000	
 -3.750000	  51.250000	
 -3.750000	  51.750000	
 -3.750000	  52.250000	
 -3.750000	  52.750000	
 -3.750000	  53.250000	
 -3.750000	  53.750000	
 -3.750000	  54.250000	
 -3.750000	  54.750000	
 -3.750000	  55.250000	
 -3.750000	  55.750000	
 -3.750000	  56.250000	
 -3.750000	  56.750000	
 -3.750000	  57.250000	
 -3.750000	  57.750000	
 -3.750000	  58.250000	
 -3.750000	  58.750000	
 -3.750000	  59.250000	
 -3.750000	  59.750000	
 -3.250000	  49.750000	
 -3.250000	  50.250000	
 -3.250000	  50.750000	
 -3.250000	  51.250000	
 -3.250000	  51.750000	
 -3.250000	  52.250000	
 -3.250000	  52.750000	
 -3.250000	  53.250000	
 -3.250000	  53.750000	
 -3.250000	  54.250000	
 -3.250000	  54.750000	
 -3.250000	  55.250000	
 -3.250000	  55.750000	
 -3.250000	  56.250000	
 -3.250000	  56.750000	
 -3.250000	  57.250000	
 -3.250000	  57.750000	
 -3.250000	  58.250000	
 -3.250000	  58.750000	
 -3.250000	  59.250000	
 -3.250000	  59.750000	
 -2.750000	  50.250000	
 -2.750000	  50.750000	
 -2.750000	  51.250000	
 -2.750000	  51.750000	
 -2.750000	  52.250000	
 -2.750000	  52.750000	
 -2.750000	  53.250000	
 -2.750000	  53.750000	
 -2.750000	  54.250000	
 -2.750000	  54.750000	
 -2.750000	  55.250000	
 -2.750000	  55.750000	
 -2.750000	  56.250000	
 -2.750000	  56.750000	
 -2.750000	  57.250000	
 -2.750000	  57.750000	
 -2.750000	  58.250000	
 -2.750000	  58.750000	
 -2.750000	  59.250000	
 -2.750000	  59.750000	
 -2.250000	  50.250000	
 -2.250000	  50.750000	
 -2.250000	  51.250000	
 -2.250000	  51.750000	
 -2.250000	  52.250000	
 -2.250000	  52.750000	
 -2.250000	  53.250000	
 -2.250000	  53.750000	
 -2.250000	  54.250000	
 -2.250000	  54.750000	
 -2.250000	  55.250000	
 -2.250000	  55.750000	
 -2.250000	  56.250000	
 -2.250000	  56.750000	
 -2.250000	  57.250000	
 -2.250000	  57.750000	
 -2.250000	  58.250000	
 -2.250000	  58.750000	
 -2.250000	  59.250000	
 -2.250000	  59.750000	
 -1.750000	  50.750000	
 -1.750000	  51.250000	
 -1.750000	  51.750000	
 -1.750000	  52.250000	
 -1.750000	  52.750000	
 -1.750000	  53.250000	
 -1.750000	  53.750000	
 -1.750000	  54.250000	
 -1.750000	  54.750000	
 -1.750000	  55.250000	
 -1.750000	  55.750000	
 -1.750000	  56.250000	
 -1.750000	  56.750000	
 -1.750000	  57.250000	
 -1.750000	  57.750000	
 -1.750000	  58.250000	
 -1.750000	  58.750000	
 -1.750000	  59.250000	
 -1.750000	  59.750000	
 -1.250000	  50.750000	
 -1.250000	  51.250000	
 -1.250000	  51.750000	
 -1.250000	  52.250000	
 -1.250000	  52.750000	
 -1.250000	  53.250000	
 -1.250000	  53.750000	
 -1.250000	  54.250000	
 -1.250000	  54.750000	
 -1.250000	  55.250000	
 -1.250000	  55.750000	
 -1.250000	  56.250000	
 -1.250000	  56.750000	
 -1.250000	  57.250000	
 -1.250000	  57.750000	
 -1.250000	  58.250000	
 -1.250000	  58.750000	
 -1.250000	  59.250000	
 -1.250000	  59.750000	
 -0.750000	  51.250000	
 -0.750000	  51.750000	
 -0.750000	  52.250000	
 -0.750000	  52.750000	
 -0.750000	  53.250000	
 -0.750000	  53.750000	
 -0.750000	  54.250000	
 -0.750000	  54.750000	
 -0.750000	  55.250000	
 -0.750000	  55.750000	
 -0.750000	  56.250000	
 -0.750000	  56.750000	
 -0.750000	  57.250000	
 -0.750000	  57.750000	
 -0.750000	  58.250000	
 -0.750000	  58.750000	
 -0.750000	  59.250000	
 -0.750000	  59.750000	
 -0.250000	  51.250000	
 -0.250000	  51.750000	
 -0.250000	  52.250000	
 -0.250000	  52.750000	
 -0.250000	  53.250000	
 -0.250000	  53.750000	
 -0.250000	  54.250000	
 -0.250000	  54.750000	
 -0.250000	  55.250000	
 -0.250000	  55.750000	
 -0.250000	  56.250000	
 -0.250000	  56.750000	
 -0.250000	  57.250000	
 -0.250000	  57.750000	
 -0.250000	  58.250000	
 -0.250000	  58.750000	
 -0.250000	  59.250000	
 -0.250000	  59.750000	
 0.250000	  51.750000	
 0.250000	  52.250000	
 0.250000	  52.750000	
 0.250000	  53.250000	
 0.250000	  53.750000	
 0.250000	  54.250000	
 0.250000	  54.750000	
 0.250000	  55.250000	
 0.250000	  55.750000	
 0.250000	  56.250000	
 0.250000	  56.750000	
 0.250000	  57.250000	
 0.250000	  57.750000	
 0.250000	  58.250000	
 0.250000	  58.750000	
 0.250000	  59.250000	
 0.250000	  59.750000	
 0.750000	  51.750000	
 0.750000	  52.250000	
 0.750000	  52.750000	
 0.750000	  53.250000	
 0.750000	  53.750000	
 0.750000	  54.250000	
 0.750000	  54.750000	
 0.750000	  55.250000	
 0.750000	  55.750000	
 0.750000	  56.250000	
 0.750000	  56.750000	
 0.750000	  57.250000	
 0.750000	  57.750000	
 0.750000	  58.250000	
 0.750000	  58.750000	
 0.750000	  59.250000	
 0.750000	  59.750000	
 1.250000	  52.250000	
 1.250000	  52.750000	
 1.250000	  53.250000	
 1.250000	  53.750000	
 1.250000	  54.250000	
 1.250000	  54.750000	
 1.250000	  55.250000	
 1.250000	  55.750000	
 1.250000	  56.250000	
 1.250000	  56.750000	
 1.250000	  57.250000	
 1.250000	  57.750000	
 1.250000	  58.250000	
 1.250000	  58.750000	
 1.250000	  59.250000	
 1.250000	  59.750000	
 1.750000	  52.250000	
 1.750000	  52.750000	
 1.750000	  53.250000	
 1.750000	  53.750000	
 1.750000	  54.250000	
 1.750000	  54.750000	
 1.750000	  55.250000	
 1.750000	  55.750000	
 1.750000	  56.250000	
 1.750000	  56.750000	
 1.750000	  57.250000	
 1.750000	  57.750000	
 1.750000	  58.250000	
 1.750000	  58.750000	
 1.750000	  59.250000	
 1.750000	  59.750000	
 2.250000	  52.250000	
 2.250000	  52.750000	
 2.250000	  53.250000	
 2.250000	  53.750000	
 2.250000	  54.250000	
 2.250000	  54.750000	
 2.250000	  55.250000	
 2.250000	  55.750000	
 2.250000	  56.250000	
 2.250000	  56.750000	
 2.250000	  57.250000	
 2.250000	  57.750000	
 2.250000	  58.250000	
 2.250000	  58.750000	
 2.250000	  59.250000	
 2.250000	  59.750000	
 2.750000	  52.750000	
 2.750000	  53.250000	
 2.750000	  53.750000	
 2.750000	  54.250000	
 2.750000	  54.750000	
 2.750000	  55.250000	
 2.750000	  55.750000	
 2.750000	  56.250000	
 2.750000	  56.750000	
 2.750000	  57.250000	
 2.750000	  57.750000	
 2.750000	  58.250000	
 2.750000	  58.750000	
 2.750000	  59.250000	
 2.750000	  59.750000	
 3.250000	  52.750000	
 3.250000	  53.250000	
 3.250000	  53.750000	
 3.250000	  54.250000	
 3.250000	  54.750000	
 3.250000	  55.250000	
 3.250000	  55.750000	
 3.250000	  56.250000	
 3.250000	  56.750000	
 3.250000	  57.250000	
 3.250000	  57.750000	
 3.250000	  58.250000	
 3.250000	  58.750000	
 3.250000	  59.250000	
 3.250000	  59.750000	
 3.750000	  53.250000	
 3.750000	  53.750000	
 3.750000	  54.250000	
 3.750000	  54.750000	
 3.750000	  55.250000	
 3.750000	  55.750000	
 3.750000	  56.250000	
 3.750000	  56.750000	
 3.750000	  57.250000	
 3.750000	  57.750000	
 3.750000	  58.250000	
 3.750000	  58.750000	
 3.750000	  59.250000	
 4.250000	  53.750000	
 4.250000	  54.250000	
 4.250000	  54.750000	
 4.250000	  55.250000	
 4.250000	  55.750000	
 4.250000	  56.250000	
 4.250000	  56.750000	
 4.250000	  57.250000	
 4.250000	  57.750000	
 4.250000	  58.250000	
 4.250000	  58.750000	
 4.250000	  59.250000	
 4.750000	  53.750000	
 4.750000	  54.250000	
 4.750000	  54.750000	
 4.750000	  55.250000	
 4.750000	  55.750000	
 4.750000	  56.250000	
 4.750000	  56.750000	
 4.750000	  57.250000	
 4.750000	  57.750000	
 4.750000	  58.250000	
 4.750000	  58.750000	
 5.250000	  54.250000	
 5.250000	  54.750000	
 5.250000	  55.250000	
 5.250000	  55.750000	
 5.250000	  56.250000	
 5.250000	  56.750000	
 5.250000	  57.250000	
 5.250000	  57.750000	
 5.250000	  58.250000	
 5.250000	  58.750000	
 5.750000	  54.750000	
 5.750000	  55.250000	
 5.750000	  55.750000	
 5.750000	  56.250000	
 5.750000	  56.750000	
 5.750000	  57.250000	
 5.750000	  57.750000	
 5.750000	  58.250000	
 5.750000	  58.750000	
 6.250000	  55.250000	
 6.250000	  55.750000	
 6.250000	  56.250000	
 6.250000	  56.750000	
 6.250000	  57.250000	
 6.250000	  57.750000	
 6.250000	  58.250000	
 6.750000	  56.250000	
 6.750000	  56.750000	
 6.750000	  57.250000	
 6.750000	  57.750000	
