 -42.750000	  -36.750000	
 -42.750000	  -36.250000	
 -42.750000	  -35.750000	
 -42.750000	  -35.250000	
 -42.750000	  -34.750000	
 -42.750000	  -34.250000	
 -42.750000	  -33.750000	
 -42.750000	  -33.250000	
 -42.250000	  -40.750000	
 -42.250000	  -40.250000	
 -42.250000	  -39.750000	
 -42.250000	  -39.250000	
 -42.250000	  -38.750000	
 -42.250000	  -38.250000	
 -42.250000	  -37.750000	
 -42.250000	  -37.250000	
 -42.250000	  -36.750000	
 -42.250000	  -36.250000	
 -42.250000	  -35.750000	
 -42.250000	  -35.250000	
 -42.250000	  -34.750000	
 -42.250000	  -34.250000	
 -42.250000	  -33.750000	
 -42.250000	  -33.250000	
 -42.250000	  -32.750000	
 -42.250000	  -32.250000	
 -42.250000	  -31.750000	
 -42.250000	  -31.250000	
 -41.750000	  -41.750000	
 -41.750000	  -41.250000	
 -41.750000	  -40.750000	
 -41.750000	  -40.250000	
 -41.750000	  -39.750000	
 -41.750000	  -39.250000	
 -41.750000	  -38.750000	
 -41.750000	  -38.250000	
 -41.750000	  -37.750000	
 -41.750000	  -37.250000	
 -41.750000	  -36.750000	
 -41.750000	  -36.250000	
 -41.750000	  -35.750000	
 -41.750000	  -35.250000	
 -41.750000	  -34.750000	
 -41.750000	  -34.250000	
 -41.750000	  -33.750000	
 -41.750000	  -33.250000	
 -41.750000	  -32.750000	
 -41.750000	  -32.250000	
 -41.750000	  -31.750000	
 -41.750000	  -31.250000	
 -41.750000	  -30.750000	
 -41.750000	  -30.250000	
 -41.750000	  -29.750000	
 -41.750000	  -29.250000	
 -41.750000	  -28.750000	
 -41.250000	  -42.250000	
 -41.250000	  -41.750000	
 -41.250000	  -41.250000	
 -41.250000	  -40.750000	
 -41.250000	  -40.250000	
 -41.250000	  -39.750000	
 -41.250000	  -39.250000	
 -41.250000	  -38.750000	
 -41.250000	  -38.250000	
 -41.250000	  -37.750000	
 -41.250000	  -37.250000	
 -41.250000	  -36.750000	
 -41.250000	  -36.250000	
 -41.250000	  -35.750000	
 -41.250000	  -35.250000	
 -41.250000	  -34.750000	
 -41.250000	  -34.250000	
 -41.250000	  -33.750000	
 -41.250000	  -33.250000	
 -41.250000	  -32.750000	
 -41.250000	  -32.250000	
 -41.250000	  -31.750000	
 -41.250000	  -31.250000	
 -41.250000	  -30.750000	
 -41.250000	  -30.250000	
 -41.250000	  -29.750000	
 -41.250000	  -29.250000	
 -41.250000	  -28.750000	
 -41.250000	  -28.250000	
 -41.250000	  -27.750000	
 -40.750000	  -43.250000	
 -40.750000	  -42.750000	
 -40.750000	  -42.250000	
 -40.750000	  -41.750000	
 -40.750000	  -41.250000	
 -40.750000	  -40.750000	
 -40.750000	  -40.250000	
 -40.750000	  -39.750000	
 -40.750000	  -39.250000	
 -40.750000	  -38.750000	
 -40.750000	  -38.250000	
 -40.750000	  -37.750000	
 -40.750000	  -37.250000	
 -40.750000	  -36.750000	
 -40.750000	  -36.250000	
 -40.750000	  -35.750000	
 -40.750000	  -35.250000	
 -40.750000	  -34.750000	
 -40.750000	  -34.250000	
 -40.750000	  -33.750000	
 -40.750000	  -33.250000	
 -40.750000	  -32.750000	
 -40.750000	  -32.250000	
 -40.750000	  -31.750000	
 -40.750000	  -31.250000	
 -40.750000	  -30.750000	
 -40.750000	  -30.250000	
 -40.750000	  -29.750000	
 -40.750000	  -29.250000	
 -40.750000	  -28.750000	
 -40.750000	  -28.250000	
 -40.750000	  -27.750000	
 -40.750000	  -27.250000	
 -40.750000	  -26.750000	
 -40.750000	  -26.250000	
 -40.250000	  -43.750000	
 -40.250000	  -43.250000	
 -40.250000	  -42.750000	
 -40.250000	  -42.250000	
 -40.250000	  -41.750000	
 -40.250000	  -41.250000	
 -40.250000	  -40.750000	
 -40.250000	  -40.250000	
 -40.250000	  -39.750000	
 -40.250000	  -39.250000	
 -40.250000	  -38.750000	
 -40.250000	  -38.250000	
 -40.250000	  -37.750000	
 -40.250000	  -37.250000	
 -40.250000	  -36.750000	
 -40.250000	  -36.250000	
 -40.250000	  -35.750000	
 -40.250000	  -35.250000	
 -40.250000	  -34.750000	
 -40.250000	  -34.250000	
 -40.250000	  -33.750000	
 -40.250000	  -33.250000	
 -40.250000	  -32.750000	
 -40.250000	  -32.250000	
 -40.250000	  -31.750000	
 -40.250000	  -31.250000	
 -40.250000	  -30.750000	
 -40.250000	  -30.250000	
 -40.250000	  -29.750000	
 -40.250000	  -29.250000	
 -40.250000	  -28.750000	
 -40.250000	  -28.250000	
 -40.250000	  -27.750000	
 -40.250000	  -27.250000	
 -40.250000	  -26.750000	
 -40.250000	  -26.250000	
 -40.250000	  -25.750000	
 -40.250000	  -25.250000	
 -39.750000	  -44.250000	
 -39.750000	  -43.750000	
 -39.750000	  -43.250000	
 -39.750000	  -42.750000	
 -39.750000	  -42.250000	
 -39.750000	  -41.750000	
 -39.750000	  -41.250000	
 -39.750000	  -40.750000	
 -39.750000	  -40.250000	
 -39.750000	  -39.750000	
 -39.750000	  -39.250000	
 -39.750000	  -38.750000	
 -39.750000	  -38.250000	
 -39.750000	  -37.750000	
 -39.750000	  -37.250000	
 -39.750000	  -36.750000	
 -39.750000	  -36.250000	
 -39.750000	  -35.750000	
 -39.750000	  -35.250000	
 -39.750000	  -34.750000	
 -39.750000	  -34.250000	
 -39.750000	  -33.750000	
 -39.750000	  -33.250000	
 -39.750000	  -32.750000	
 -39.750000	  -32.250000	
 -39.750000	  -31.750000	
 -39.750000	  -31.250000	
 -39.750000	  -30.750000	
 -39.750000	  -30.250000	
 -39.750000	  -29.750000	
 -39.750000	  -29.250000	
 -39.750000	  -28.750000	
 -39.750000	  -28.250000	
 -39.750000	  -27.750000	
 -39.750000	  -27.250000	
 -39.750000	  -26.750000	
 -39.750000	  -26.250000	
 -39.750000	  -25.750000	
 -39.750000	  -25.250000	
 -39.750000	  -24.750000	
 -39.750000	  -24.250000	
 -39.250000	  -44.750000	
 -39.250000	  -44.250000	
 -39.250000	  -43.750000	
 -39.250000	  -43.250000	
 -39.250000	  -42.750000	
 -39.250000	  -42.250000	
 -39.250000	  -41.750000	
 -39.250000	  -41.250000	
 -39.250000	  -40.750000	
 -39.250000	  -40.250000	
 -39.250000	  -39.750000	
 -39.250000	  -39.250000	
 -39.250000	  -38.750000	
 -39.250000	  -38.250000	
 -39.250000	  -37.750000	
 -39.250000	  -37.250000	
 -39.250000	  -36.750000	
 -39.250000	  -36.250000	
 -39.250000	  -35.750000	
 -39.250000	  -35.250000	
 -39.250000	  -34.750000	
 -39.250000	  -34.250000	
 -39.250000	  -33.750000	
 -39.250000	  -33.250000	
 -39.250000	  -32.750000	
 -39.250000	  -32.250000	
 -39.250000	  -31.750000	
 -39.250000	  -31.250000	
 -39.250000	  -30.750000	
 -39.250000	  -30.250000	
 -39.250000	  -29.750000	
 -39.250000	  -29.250000	
 -39.250000	  -28.750000	
 -39.250000	  -28.250000	
 -39.250000	  -27.750000	
 -39.250000	  -27.250000	
 -39.250000	  -26.750000	
 -39.250000	  -26.250000	
 -39.250000	  -25.750000	
 -39.250000	  -25.250000	
 -39.250000	  -24.750000	
 -39.250000	  -24.250000	
 -39.250000	  -23.750000	
 -39.250000	  -23.250000	
 -38.750000	  -45.250000	
 -38.750000	  -44.750000	
 -38.750000	  -44.250000	
 -38.750000	  -43.750000	
 -38.750000	  -43.250000	
 -38.750000	  -42.750000	
 -38.750000	  -42.250000	
 -38.750000	  -41.750000	
 -38.750000	  -41.250000	
 -38.750000	  -40.750000	
 -38.750000	  -40.250000	
 -38.750000	  -39.750000	
 -38.750000	  -39.250000	
 -38.750000	  -38.750000	
 -38.750000	  -38.250000	
 -38.750000	  -37.750000	
 -38.750000	  -37.250000	
 -38.750000	  -36.750000	
 -38.750000	  -36.250000	
 -38.750000	  -35.750000	
 -38.750000	  -35.250000	
 -38.750000	  -34.750000	
 -38.750000	  -34.250000	
 -38.750000	  -33.750000	
 -38.750000	  -33.250000	
 -38.750000	  -32.750000	
 -38.750000	  -32.250000	
 -38.750000	  -31.750000	
 -38.750000	  -31.250000	
 -38.750000	  -30.750000	
 -38.750000	  -30.250000	
 -38.750000	  -29.750000	
 -38.750000	  -29.250000	
 -38.750000	  -28.750000	
 -38.750000	  -28.250000	
 -38.750000	  -27.750000	
 -38.750000	  -27.250000	
 -38.750000	  -26.750000	
 -38.750000	  -26.250000	
 -38.750000	  -25.750000	
 -38.750000	  -25.250000	
 -38.750000	  -24.750000	
 -38.750000	  -24.250000	
 -38.750000	  -23.750000	
 -38.750000	  -23.250000	
 -38.750000	  -22.750000	
 -38.750000	  -22.250000	
 -38.250000	  -45.750000	
 -38.250000	  -45.250000	
 -38.250000	  -44.750000	
 -38.250000	  -44.250000	
 -38.250000	  -43.750000	
 -38.250000	  -43.250000	
 -38.250000	  -42.750000	
 -38.250000	  -42.250000	
 -38.250000	  -41.750000	
 -38.250000	  -41.250000	
 -38.250000	  -40.750000	
 -38.250000	  -40.250000	
 -38.250000	  -39.750000	
 -38.250000	  -39.250000	
 -38.250000	  -38.750000	
 -38.250000	  -38.250000	
 -38.250000	  -37.750000	
 -38.250000	  -37.250000	
 -38.250000	  -36.750000	
 -38.250000	  -36.250000	
 -38.250000	  -35.750000	
 -38.250000	  -35.250000	
 -38.250000	  -34.750000	
 -38.250000	  -34.250000	
 -38.250000	  -33.750000	
 -38.250000	  -33.250000	
 -38.250000	  -32.750000	
 -38.250000	  -32.250000	
 -38.250000	  -31.750000	
 -38.250000	  -31.250000	
 -38.250000	  -30.750000	
 -38.250000	  -30.250000	
 -38.250000	  -29.750000	
 -38.250000	  -29.250000	
 -38.250000	  -28.750000	
 -38.250000	  -28.250000	
 -38.250000	  -27.750000	
 -38.250000	  -27.250000	
 -38.250000	  -26.750000	
 -38.250000	  -26.250000	
 -38.250000	  -25.750000	
 -38.250000	  -25.250000	
 -38.250000	  -24.750000	
 -38.250000	  -24.250000	
 -38.250000	  -23.750000	
 -38.250000	  -23.250000	
 -38.250000	  -22.750000	
 -38.250000	  -22.250000	
 -38.250000	  -21.750000	
 -38.250000	  -21.250000	
 -37.750000	  -45.750000	
 -37.750000	  -45.250000	
 -37.750000	  -44.750000	
 -37.750000	  -44.250000	
 -37.750000	  -43.750000	
 -37.750000	  -43.250000	
 -37.750000	  -42.750000	
 -37.750000	  -42.250000	
 -37.750000	  -41.750000	
 -37.750000	  -41.250000	
 -37.750000	  -40.750000	
 -37.750000	  -40.250000	
 -37.750000	  -39.750000	
 -37.750000	  -39.250000	
 -37.750000	  -38.750000	
 -37.750000	  -38.250000	
 -37.750000	  -37.750000	
 -37.750000	  -37.250000	
 -37.750000	  -36.750000	
 -37.750000	  -36.250000	
 -37.750000	  -35.750000	
 -37.750000	  -35.250000	
 -37.750000	  -34.750000	
 -37.750000	  -34.250000	
 -37.750000	  -33.750000	
 -37.750000	  -33.250000	
 -37.750000	  -32.750000	
 -37.750000	  -32.250000	
 -37.750000	  -31.750000	
 -37.750000	  -31.250000	
 -37.750000	  -30.750000	
 -37.750000	  -30.250000	
 -37.750000	  -29.750000	
 -37.750000	  -29.250000	
 -37.750000	  -28.750000	
 -37.750000	  -28.250000	
 -37.750000	  -27.750000	
 -37.750000	  -27.250000	
 -37.750000	  -26.750000	
 -37.750000	  -26.250000	
 -37.750000	  -25.750000	
 -37.750000	  -25.250000	
 -37.750000	  -24.750000	
 -37.750000	  -24.250000	
 -37.750000	  -23.750000	
 -37.750000	  -23.250000	
 -37.750000	  -22.750000	
 -37.750000	  -22.250000	
 -37.750000	  -21.750000	
 -37.750000	  -21.250000	
 -37.750000	  -20.750000	
 -37.250000	  -46.250000	
 -37.250000	  -45.750000	
 -37.250000	  -45.250000	
 -37.250000	  -44.750000	
 -37.250000	  -44.250000	
 -37.250000	  -43.750000	
 -37.250000	  -43.250000	
 -37.250000	  -42.750000	
 -37.250000	  -42.250000	
 -37.250000	  -41.750000	
 -37.250000	  -41.250000	
 -37.250000	  -40.750000	
 -37.250000	  -40.250000	
 -37.250000	  -39.750000	
 -37.250000	  -39.250000	
 -37.250000	  -38.750000	
 -37.250000	  -38.250000	
 -37.250000	  -37.750000	
 -37.250000	  -37.250000	
 -37.250000	  -36.750000	
 -37.250000	  -36.250000	
 -37.250000	  -35.750000	
 -37.250000	  -35.250000	
 -37.250000	  -34.750000	
 -37.250000	  -34.250000	
 -37.250000	  -33.750000	
 -37.250000	  -33.250000	
 -37.250000	  -32.750000	
 -37.250000	  -32.250000	
 -37.250000	  -31.750000	
 -37.250000	  -31.250000	
 -37.250000	  -30.750000	
 -37.250000	  -30.250000	
 -37.250000	  -29.750000	
 -37.250000	  -29.250000	
 -37.250000	  -28.750000	
 -37.250000	  -28.250000	
 -37.250000	  -27.750000	
 -37.250000	  -27.250000	
 -37.250000	  -26.750000	
 -37.250000	  -26.250000	
 -37.250000	  -25.750000	
 -37.250000	  -25.250000	
 -37.250000	  -24.750000	
 -37.250000	  -24.250000	
 -37.250000	  -23.750000	
 -37.250000	  -23.250000	
 -37.250000	  -22.750000	
 -37.250000	  -22.250000	
 -37.250000	  -21.750000	
 -37.250000	  -21.250000	
 -37.250000	  -20.750000	
 -37.250000	  -20.250000	
 -37.250000	  -19.750000	
 -36.750000	  -46.750000	
 -36.750000	  -46.250000	
 -36.750000	  -45.750000	
 -36.750000	  -45.250000	
 -36.750000	  -44.750000	
 -36.750000	  -44.250000	
 -36.750000	  -43.750000	
 -36.750000	  -43.250000	
 -36.750000	  -42.750000	
 -36.750000	  -42.250000	
 -36.750000	  -41.750000	
 -36.750000	  -41.250000	
 -36.750000	  -40.750000	
 -36.750000	  -40.250000	
 -36.750000	  -39.750000	
 -36.750000	  -39.250000	
 -36.750000	  -38.750000	
 -36.750000	  -38.250000	
 -36.750000	  -37.750000	
 -36.750000	  -37.250000	
 -36.750000	  -36.750000	
 -36.750000	  -36.250000	
 -36.750000	  -35.750000	
 -36.750000	  -35.250000	
 -36.750000	  -34.750000	
 -36.750000	  -34.250000	
 -36.750000	  -33.750000	
 -36.750000	  -33.250000	
 -36.750000	  -32.750000	
 -36.750000	  -32.250000	
 -36.750000	  -31.750000	
 -36.750000	  -31.250000	
 -36.750000	  -30.750000	
 -36.750000	  -30.250000	
 -36.750000	  -29.750000	
 -36.750000	  -29.250000	
 -36.750000	  -28.750000	
 -36.750000	  -28.250000	
 -36.750000	  -27.750000	
 -36.750000	  -27.250000	
 -36.750000	  -26.750000	
 -36.750000	  -26.250000	
 -36.750000	  -25.750000	
 -36.750000	  -25.250000	
 -36.750000	  -24.750000	
 -36.750000	  -24.250000	
 -36.750000	  -23.750000	
 -36.750000	  -23.250000	
 -36.750000	  -22.750000	
 -36.750000	  -22.250000	
 -36.750000	  -21.750000	
 -36.750000	  -21.250000	
 -36.750000	  -20.750000	
 -36.750000	  -20.250000	
 -36.750000	  -19.750000	
 -36.750000	  -19.250000	
 -36.250000	  -47.250000	
 -36.250000	  -46.750000	
 -36.250000	  -46.250000	
 -36.250000	  -45.750000	
 -36.250000	  -45.250000	
 -36.250000	  -44.750000	
 -36.250000	  -44.250000	
 -36.250000	  -43.750000	
 -36.250000	  -43.250000	
 -36.250000	  -42.750000	
 -36.250000	  -42.250000	
 -36.250000	  -41.750000	
 -36.250000	  -41.250000	
 -36.250000	  -40.750000	
 -36.250000	  -40.250000	
 -36.250000	  -39.750000	
 -36.250000	  -39.250000	
 -36.250000	  -38.750000	
 -36.250000	  -38.250000	
 -36.250000	  -37.750000	
 -36.250000	  -37.250000	
 -36.250000	  -36.750000	
 -36.250000	  -36.250000	
 -36.250000	  -35.750000	
 -36.250000	  -35.250000	
 -36.250000	  -34.750000	
 -36.250000	  -34.250000	
 -36.250000	  -33.750000	
 -36.250000	  -33.250000	
 -36.250000	  -32.750000	
 -36.250000	  -32.250000	
 -36.250000	  -31.750000	
 -36.250000	  -31.250000	
 -36.250000	  -30.750000	
 -36.250000	  -30.250000	
 -36.250000	  -29.750000	
 -36.250000	  -29.250000	
 -36.250000	  -28.750000	
 -36.250000	  -28.250000	
 -36.250000	  -27.750000	
 -36.250000	  -27.250000	
 -36.250000	  -26.750000	
 -36.250000	  -26.250000	
 -36.250000	  -25.750000	
 -36.250000	  -25.250000	
 -36.250000	  -24.750000	
 -36.250000	  -24.250000	
 -36.250000	  -23.750000	
 -36.250000	  -23.250000	
 -36.250000	  -22.750000	
 -36.250000	  -22.250000	
 -36.250000	  -21.750000	
 -36.250000	  -21.250000	
 -36.250000	  -20.750000	
 -36.250000	  -20.250000	
 -36.250000	  -19.750000	
 -36.250000	  -19.250000	
 -36.250000	  -18.750000	
 -36.250000	  -18.250000	
 -35.750000	  -47.750000	
 -35.750000	  -47.250000	
 -35.750000	  -46.750000	
 -35.750000	  -46.250000	
 -35.750000	  -45.750000	
 -35.750000	  -45.250000	
 -35.750000	  -44.750000	
 -35.750000	  -44.250000	
 -35.750000	  -43.750000	
 -35.750000	  -43.250000	
 -35.750000	  -42.750000	
 -35.750000	  -42.250000	
 -35.750000	  -41.750000	
 -35.750000	  -41.250000	
 -35.750000	  -40.750000	
 -35.750000	  -40.250000	
 -35.750000	  -39.750000	
 -35.750000	  -39.250000	
 -35.750000	  -38.750000	
 -35.750000	  -38.250000	
 -35.750000	  -37.750000	
 -35.750000	  -37.250000	
 -35.750000	  -36.750000	
 -35.750000	  -36.250000	
 -35.750000	  -35.750000	
 -35.750000	  -35.250000	
 -35.750000	  -34.750000	
 -35.750000	  -34.250000	
 -35.750000	  -33.750000	
 -35.750000	  -33.250000	
 -35.750000	  -32.750000	
 -35.750000	  -32.250000	
 -35.750000	  -31.750000	
 -35.750000	  -31.250000	
 -35.750000	  -30.750000	
 -35.750000	  -30.250000	
 -35.750000	  -29.750000	
 -35.750000	  -29.250000	
 -35.750000	  -28.750000	
 -35.750000	  -28.250000	
 -35.750000	  -27.750000	
 -35.750000	  -27.250000	
 -35.750000	  -26.750000	
 -35.750000	  -26.250000	
 -35.750000	  -25.750000	
 -35.750000	  -25.250000	
 -35.750000	  -24.750000	
 -35.750000	  -24.250000	
 -35.750000	  -23.750000	
 -35.750000	  -23.250000	
 -35.750000	  -22.750000	
 -35.750000	  -22.250000	
 -35.750000	  -21.750000	
 -35.750000	  -21.250000	
 -35.750000	  -20.750000	
 -35.750000	  -20.250000	
 -35.750000	  -19.750000	
 -35.750000	  -19.250000	
 -35.750000	  -18.750000	
 -35.750000	  -18.250000	
 -35.750000	  -17.750000	
 -35.250000	  -48.250000	
 -35.250000	  -47.750000	
 -35.250000	  -47.250000	
 -35.250000	  -46.750000	
 -35.250000	  -46.250000	
 -35.250000	  -45.750000	
 -35.250000	  -45.250000	
 -35.250000	  -44.750000	
 -35.250000	  -44.250000	
 -35.250000	  -43.750000	
 -35.250000	  -43.250000	
 -35.250000	  -42.750000	
 -35.250000	  -42.250000	
 -35.250000	  -41.750000	
 -35.250000	  -41.250000	
 -35.250000	  -40.750000	
 -35.250000	  -40.250000	
 -35.250000	  -39.750000	
 -35.250000	  -39.250000	
 -35.250000	  -38.750000	
 -35.250000	  -38.250000	
 -35.250000	  -37.750000	
 -35.250000	  -37.250000	
 -35.250000	  -36.750000	
 -35.250000	  -36.250000	
 -35.250000	  -35.750000	
 -35.250000	  -35.250000	
 -35.250000	  -34.750000	
 -35.250000	  -34.250000	
 -35.250000	  -33.750000	
 -35.250000	  -33.250000	
 -35.250000	  -32.750000	
 -35.250000	  -32.250000	
 -35.250000	  -31.750000	
 -35.250000	  -31.250000	
 -35.250000	  -30.750000	
 -35.250000	  -30.250000	
 -35.250000	  -29.750000	
 -35.250000	  -29.250000	
 -35.250000	  -28.750000	
 -35.250000	  -28.250000	
 -35.250000	  -27.750000	
 -35.250000	  -27.250000	
 -35.250000	  -26.750000	
 -35.250000	  -26.250000	
 -35.250000	  -25.750000	
 -35.250000	  -25.250000	
 -35.250000	  -24.750000	
 -35.250000	  -24.250000	
 -35.250000	  -23.750000	
 -35.250000	  -23.250000	
 -35.250000	  -22.750000	
 -35.250000	  -22.250000	
 -35.250000	  -21.750000	
 -35.250000	  -21.250000	
 -35.250000	  -20.750000	
 -35.250000	  -20.250000	
 -35.250000	  -19.750000	
 -35.250000	  -19.250000	
 -35.250000	  -18.750000	
 -35.250000	  -18.250000	
 -35.250000	  -17.750000	
 -35.250000	  -17.250000	
 -35.250000	  -16.750000	
 -34.750000	  -48.250000	
 -34.750000	  -47.750000	
 -34.750000	  -47.250000	
 -34.750000	  -46.750000	
 -34.750000	  -46.250000	
 -34.750000	  -45.750000	
 -34.750000	  -45.250000	
 -34.750000	  -44.750000	
 -34.750000	  -44.250000	
 -34.750000	  -43.750000	
 -34.750000	  -43.250000	
 -34.750000	  -42.750000	
 -34.750000	  -42.250000	
 -34.750000	  -41.750000	
 -34.750000	  -41.250000	
 -34.750000	  -40.750000	
 -34.750000	  -40.250000	
 -34.750000	  -39.750000	
 -34.750000	  -39.250000	
 -34.750000	  -38.750000	
 -34.750000	  -38.250000	
 -34.750000	  -37.750000	
 -34.750000	  -37.250000	
 -34.750000	  -36.750000	
 -34.750000	  -36.250000	
 -34.750000	  -35.750000	
 -34.750000	  -35.250000	
 -34.750000	  -34.750000	
 -34.750000	  -34.250000	
 -34.750000	  -33.750000	
 -34.750000	  -33.250000	
 -34.750000	  -32.750000	
 -34.750000	  -32.250000	
 -34.750000	  -31.750000	
 -34.750000	  -31.250000	
 -34.750000	  -30.750000	
 -34.750000	  -30.250000	
 -34.750000	  -29.750000	
 -34.750000	  -29.250000	
 -34.750000	  -28.750000	
 -34.750000	  -28.250000	
 -34.750000	  -27.750000	
 -34.750000	  -27.250000	
 -34.750000	  -26.750000	
 -34.750000	  -26.250000	
 -34.750000	  -25.750000	
 -34.750000	  -25.250000	
 -34.750000	  -24.750000	
 -34.750000	  -24.250000	
 -34.750000	  -23.750000	
 -34.750000	  -23.250000	
 -34.750000	  -22.750000	
 -34.750000	  -22.250000	
 -34.750000	  -21.750000	
 -34.750000	  -21.250000	
 -34.750000	  -20.750000	
 -34.750000	  -20.250000	
 -34.750000	  -19.750000	
 -34.750000	  -19.250000	
 -34.750000	  -18.750000	
 -34.750000	  -18.250000	
 -34.750000	  -17.750000	
 -34.750000	  -17.250000	
 -34.750000	  -16.750000	
 -34.750000	  -16.250000	
 -34.750000	  -15.750000	
 -34.250000	  -48.250000	
 -34.250000	  -47.750000	
 -34.250000	  -47.250000	
 -34.250000	  -46.750000	
 -34.250000	  -46.250000	
 -34.250000	  -45.750000	
 -34.250000	  -45.250000	
 -34.250000	  -44.750000	
 -34.250000	  -44.250000	
 -34.250000	  -43.750000	
 -34.250000	  -43.250000	
 -34.250000	  -42.750000	
 -34.250000	  -42.250000	
 -34.250000	  -41.750000	
 -34.250000	  -41.250000	
 -34.250000	  -40.750000	
 -34.250000	  -40.250000	
 -34.250000	  -39.750000	
 -34.250000	  -39.250000	
 -34.250000	  -38.750000	
 -34.250000	  -38.250000	
 -34.250000	  -37.750000	
 -34.250000	  -37.250000	
 -34.250000	  -36.750000	
 -34.250000	  -36.250000	
 -34.250000	  -35.750000	
 -34.250000	  -35.250000	
 -34.250000	  -34.750000	
 -34.250000	  -34.250000	
 -34.250000	  -33.750000	
 -34.250000	  -33.250000	
 -34.250000	  -32.750000	
 -34.250000	  -32.250000	
 -34.250000	  -31.750000	
 -34.250000	  -31.250000	
 -34.250000	  -30.750000	
 -34.250000	  -30.250000	
 -34.250000	  -29.750000	
 -34.250000	  -29.250000	
 -34.250000	  -28.750000	
 -34.250000	  -28.250000	
 -34.250000	  -27.750000	
 -34.250000	  -27.250000	
 -34.250000	  -26.750000	
 -34.250000	  -26.250000	
 -34.250000	  -25.750000	
 -34.250000	  -25.250000	
 -34.250000	  -24.750000	
 -34.250000	  -24.250000	
 -34.250000	  -23.750000	
 -34.250000	  -23.250000	
 -34.250000	  -22.750000	
 -34.250000	  -22.250000	
 -34.250000	  -21.750000	
 -34.250000	  -21.250000	
 -34.250000	  -20.750000	
 -34.250000	  -20.250000	
 -34.250000	  -19.750000	
 -34.250000	  -19.250000	
 -34.250000	  -18.750000	
 -34.250000	  -18.250000	
 -34.250000	  -17.750000	
 -34.250000	  -17.250000	
 -34.250000	  -16.750000	
 -34.250000	  -16.250000	
 -34.250000	  -15.750000	
 -34.250000	  -15.250000	
 -33.750000	  -48.250000	
 -33.750000	  -47.750000	
 -33.750000	  -47.250000	
 -33.750000	  -46.750000	
 -33.750000	  -46.250000	
 -33.750000	  -45.750000	
 -33.750000	  -45.250000	
 -33.750000	  -44.750000	
 -33.750000	  -44.250000	
 -33.750000	  -43.750000	
 -33.750000	  -43.250000	
 -33.750000	  -42.750000	
 -33.750000	  -42.250000	
 -33.750000	  -41.750000	
 -33.750000	  -41.250000	
 -33.750000	  -40.750000	
 -33.750000	  -40.250000	
 -33.750000	  -39.750000	
 -33.750000	  -39.250000	
 -33.750000	  -38.750000	
 -33.750000	  -38.250000	
 -33.750000	  -37.750000	
 -33.750000	  -37.250000	
 -33.750000	  -36.750000	
 -33.750000	  -36.250000	
 -33.750000	  -35.750000	
 -33.750000	  -35.250000	
 -33.750000	  -34.750000	
 -33.750000	  -34.250000	
 -33.750000	  -33.750000	
 -33.750000	  -33.250000	
 -33.750000	  -32.750000	
 -33.750000	  -32.250000	
 -33.750000	  -31.750000	
 -33.750000	  -31.250000	
 -33.750000	  -30.750000	
 -33.750000	  -30.250000	
 -33.750000	  -29.750000	
 -33.750000	  -29.250000	
 -33.750000	  -28.750000	
 -33.750000	  -28.250000	
 -33.750000	  -27.750000	
 -33.750000	  -27.250000	
 -33.750000	  -26.750000	
 -33.750000	  -26.250000	
 -33.750000	  -25.750000	
 -33.750000	  -25.250000	
 -33.750000	  -24.750000	
 -33.750000	  -24.250000	
 -33.750000	  -23.750000	
 -33.750000	  -23.250000	
 -33.750000	  -22.750000	
 -33.750000	  -22.250000	
 -33.750000	  -21.750000	
 -33.750000	  -21.250000	
 -33.750000	  -20.750000	
 -33.750000	  -20.250000	
 -33.750000	  -19.750000	
 -33.750000	  -19.250000	
 -33.750000	  -18.750000	
 -33.750000	  -18.250000	
 -33.750000	  -17.750000	
 -33.750000	  -17.250000	
 -33.750000	  -16.750000	
 -33.750000	  -16.250000	
 -33.750000	  -15.750000	
 -33.750000	  -15.250000	
 -33.750000	  -14.750000	
 -33.250000	  -48.250000	
 -33.250000	  -47.750000	
 -33.250000	  -47.250000	
 -33.250000	  -46.750000	
 -33.250000	  -46.250000	
 -33.250000	  -45.750000	
 -33.250000	  -45.250000	
 -33.250000	  -44.750000	
 -33.250000	  -44.250000	
 -33.250000	  -43.750000	
 -33.250000	  -43.250000	
 -33.250000	  -42.750000	
 -33.250000	  -42.250000	
 -33.250000	  -41.750000	
 -33.250000	  -41.250000	
 -33.250000	  -40.750000	
 -33.250000	  -40.250000	
 -33.250000	  -39.750000	
 -33.250000	  -39.250000	
 -33.250000	  -38.750000	
 -33.250000	  -38.250000	
 -33.250000	  -37.750000	
 -33.250000	  -37.250000	
 -33.250000	  -36.750000	
 -33.250000	  -36.250000	
 -33.250000	  -35.750000	
 -33.250000	  -35.250000	
 -33.250000	  -34.750000	
 -33.250000	  -34.250000	
 -33.250000	  -33.750000	
 -33.250000	  -33.250000	
 -33.250000	  -32.750000	
 -33.250000	  -32.250000	
 -33.250000	  -31.750000	
 -33.250000	  -31.250000	
 -33.250000	  -30.750000	
 -33.250000	  -30.250000	
 -33.250000	  -29.750000	
 -33.250000	  -29.250000	
 -33.250000	  -28.750000	
 -33.250000	  -28.250000	
 -33.250000	  -27.750000	
 -33.250000	  -27.250000	
 -33.250000	  -26.750000	
 -33.250000	  -26.250000	
 -33.250000	  -25.750000	
 -33.250000	  -25.250000	
 -33.250000	  -24.750000	
 -33.250000	  -24.250000	
 -33.250000	  -23.750000	
 -33.250000	  -23.250000	
 -33.250000	  -22.750000	
 -33.250000	  -22.250000	
 -33.250000	  -21.750000	
 -33.250000	  -21.250000	
 -33.250000	  -20.750000	
 -33.250000	  -20.250000	
 -33.250000	  -19.750000	
 -33.250000	  -19.250000	
 -33.250000	  -18.750000	
 -33.250000	  -18.250000	
 -33.250000	  -17.750000	
 -33.250000	  -17.250000	
 -33.250000	  -16.750000	
 -33.250000	  -16.250000	
 -33.250000	  -15.750000	
 -33.250000	  -15.250000	
 -33.250000	  -14.750000	
 -33.250000	  -14.250000	
 -32.750000	  -48.250000	
 -32.750000	  -47.750000	
 -32.750000	  -47.250000	
 -32.750000	  -46.750000	
 -32.750000	  -46.250000	
 -32.750000	  -45.750000	
 -32.750000	  -45.250000	
 -32.750000	  -44.750000	
 -32.750000	  -44.250000	
 -32.750000	  -43.750000	
 -32.750000	  -43.250000	
 -32.750000	  -42.750000	
 -32.750000	  -42.250000	
 -32.750000	  -41.750000	
 -32.750000	  -41.250000	
 -32.750000	  -40.750000	
 -32.750000	  -40.250000	
 -32.750000	  -39.750000	
 -32.750000	  -39.250000	
 -32.750000	  -38.750000	
 -32.750000	  -38.250000	
 -32.750000	  -37.750000	
 -32.750000	  -37.250000	
 -32.750000	  -36.750000	
 -32.750000	  -36.250000	
 -32.750000	  -35.750000	
 -32.750000	  -35.250000	
 -32.750000	  -34.750000	
 -32.750000	  -34.250000	
 -32.750000	  -33.750000	
 -32.750000	  -33.250000	
 -32.750000	  -32.750000	
 -32.750000	  -32.250000	
 -32.750000	  -31.750000	
 -32.750000	  -31.250000	
 -32.750000	  -30.750000	
 -32.750000	  -30.250000	
 -32.750000	  -29.750000	
 -32.750000	  -29.250000	
 -32.750000	  -28.750000	
 -32.750000	  -28.250000	
 -32.750000	  -27.750000	
 -32.750000	  -27.250000	
 -32.750000	  -26.750000	
 -32.750000	  -26.250000	
 -32.750000	  -25.750000	
 -32.750000	  -25.250000	
 -32.750000	  -24.750000	
 -32.750000	  -24.250000	
 -32.750000	  -23.750000	
 -32.750000	  -23.250000	
 -32.750000	  -22.750000	
 -32.750000	  -22.250000	
 -32.750000	  -21.750000	
 -32.750000	  -21.250000	
 -32.750000	  -20.750000	
 -32.750000	  -20.250000	
 -32.750000	  -19.750000	
 -32.750000	  -19.250000	
 -32.750000	  -18.750000	
 -32.750000	  -18.250000	
 -32.750000	  -17.750000	
 -32.750000	  -17.250000	
 -32.750000	  -16.750000	
 -32.750000	  -16.250000	
 -32.750000	  -15.750000	
 -32.750000	  -15.250000	
 -32.750000	  -14.750000	
 -32.750000	  -14.250000	
 -32.250000	  -48.250000	
 -32.250000	  -47.750000	
 -32.250000	  -47.250000	
 -32.250000	  -46.750000	
 -32.250000	  -46.250000	
 -32.250000	  -45.750000	
 -32.250000	  -45.250000	
 -32.250000	  -44.750000	
 -32.250000	  -44.250000	
 -32.250000	  -43.750000	
 -32.250000	  -43.250000	
 -32.250000	  -42.750000	
 -32.250000	  -42.250000	
 -32.250000	  -41.750000	
 -32.250000	  -41.250000	
 -32.250000	  -40.750000	
 -32.250000	  -40.250000	
 -32.250000	  -39.750000	
 -32.250000	  -39.250000	
 -32.250000	  -38.750000	
 -32.250000	  -38.250000	
 -32.250000	  -37.750000	
 -32.250000	  -37.250000	
 -32.250000	  -36.750000	
 -32.250000	  -36.250000	
 -32.250000	  -35.750000	
 -32.250000	  -35.250000	
 -32.250000	  -34.750000	
 -32.250000	  -34.250000	
 -32.250000	  -33.750000	
 -32.250000	  -33.250000	
 -32.250000	  -32.750000	
 -32.250000	  -32.250000	
 -32.250000	  -31.750000	
 -32.250000	  -31.250000	
 -32.250000	  -30.750000	
 -32.250000	  -30.250000	
 -32.250000	  -29.750000	
 -32.250000	  -29.250000	
 -32.250000	  -28.750000	
 -32.250000	  -28.250000	
 -32.250000	  -27.750000	
 -32.250000	  -27.250000	
 -32.250000	  -26.750000	
 -32.250000	  -26.250000	
 -32.250000	  -25.750000	
 -32.250000	  -25.250000	
 -32.250000	  -24.750000	
 -32.250000	  -24.250000	
 -32.250000	  -23.750000	
 -32.250000	  -23.250000	
 -32.250000	  -22.750000	
 -32.250000	  -22.250000	
 -32.250000	  -21.750000	
 -32.250000	  -21.250000	
 -32.250000	  -20.750000	
 -32.250000	  -20.250000	
 -32.250000	  -19.750000	
 -32.250000	  -19.250000	
 -32.250000	  -18.750000	
 -32.250000	  -18.250000	
 -32.250000	  -17.750000	
 -32.250000	  -17.250000	
 -32.250000	  -16.750000	
 -32.250000	  -16.250000	
 -32.250000	  -15.750000	
 -32.250000	  -15.250000	
 -32.250000	  -14.750000	
 -32.250000	  -14.250000	
 -32.250000	  -13.750000	
 -31.750000	  -47.750000	
 -31.750000	  -47.250000	
 -31.750000	  -46.750000	
 -31.750000	  -46.250000	
 -31.750000	  -45.750000	
 -31.750000	  -45.250000	
 -31.750000	  -44.750000	
 -31.750000	  -44.250000	
 -31.750000	  -43.750000	
 -31.750000	  -43.250000	
 -31.750000	  -42.750000	
 -31.750000	  -42.250000	
 -31.750000	  -41.750000	
 -31.750000	  -41.250000	
 -31.750000	  -40.750000	
 -31.750000	  -40.250000	
 -31.750000	  -39.750000	
 -31.750000	  -39.250000	
 -31.750000	  -38.750000	
 -31.750000	  -38.250000	
 -31.750000	  -37.750000	
 -31.750000	  -37.250000	
 -31.750000	  -36.750000	
 -31.750000	  -36.250000	
 -31.750000	  -35.750000	
 -31.750000	  -35.250000	
 -31.750000	  -34.750000	
 -31.750000	  -34.250000	
 -31.750000	  -33.750000	
 -31.750000	  -33.250000	
 -31.750000	  -32.750000	
 -31.750000	  -32.250000	
 -31.750000	  -31.750000	
 -31.750000	  -31.250000	
 -31.750000	  -30.750000	
 -31.750000	  -30.250000	
 -31.750000	  -29.750000	
 -31.750000	  -29.250000	
 -31.750000	  -28.750000	
 -31.750000	  -28.250000	
 -31.750000	  -27.750000	
 -31.750000	  -27.250000	
 -31.750000	  -26.750000	
 -31.750000	  -26.250000	
 -31.750000	  -25.750000	
 -31.750000	  -25.250000	
 -31.750000	  -24.750000	
 -31.750000	  -24.250000	
 -31.750000	  -23.750000	
 -31.750000	  -23.250000	
 -31.750000	  -22.750000	
 -31.750000	  -22.250000	
 -31.750000	  -21.750000	
 -31.750000	  -21.250000	
 -31.750000	  -20.750000	
 -31.750000	  -20.250000	
 -31.750000	  -19.750000	
 -31.750000	  -19.250000	
 -31.750000	  -18.750000	
 -31.750000	  -18.250000	
 -31.750000	  -17.750000	
 -31.750000	  -17.250000	
 -31.750000	  -16.750000	
 -31.750000	  -16.250000	
 -31.750000	  -15.750000	
 -31.750000	  -15.250000	
 -31.750000	  -14.750000	
 -31.750000	  -14.250000	
 -31.750000	  -13.750000	
 -31.750000	  -13.250000	
 -31.250000	  -47.750000	
 -31.250000	  -47.250000	
 -31.250000	  -46.750000	
 -31.250000	  -46.250000	
 -31.250000	  -45.750000	
 -31.250000	  -45.250000	
 -31.250000	  -44.750000	
 -31.250000	  -44.250000	
 -31.250000	  -43.750000	
 -31.250000	  -43.250000	
 -31.250000	  -42.750000	
 -31.250000	  -42.250000	
 -31.250000	  -41.750000	
 -31.250000	  -41.250000	
 -31.250000	  -40.750000	
 -31.250000	  -40.250000	
 -31.250000	  -39.750000	
 -31.250000	  -39.250000	
 -31.250000	  -38.750000	
 -31.250000	  -38.250000	
 -31.250000	  -37.750000	
 -31.250000	  -37.250000	
 -31.250000	  -36.750000	
 -31.250000	  -36.250000	
 -31.250000	  -35.750000	
 -31.250000	  -35.250000	
 -31.250000	  -34.750000	
 -31.250000	  -34.250000	
 -31.250000	  -33.750000	
 -31.250000	  -33.250000	
 -31.250000	  -32.750000	
 -31.250000	  -32.250000	
 -31.250000	  -31.750000	
 -31.250000	  -31.250000	
 -31.250000	  -30.750000	
 -31.250000	  -30.250000	
 -31.250000	  -29.750000	
 -31.250000	  -29.250000	
 -31.250000	  -28.750000	
 -31.250000	  -28.250000	
 -31.250000	  -27.750000	
 -31.250000	  -27.250000	
 -31.250000	  -26.750000	
 -31.250000	  -26.250000	
 -31.250000	  -25.750000	
 -31.250000	  -25.250000	
 -31.250000	  -24.750000	
 -31.250000	  -24.250000	
 -31.250000	  -23.750000	
 -31.250000	  -23.250000	
 -31.250000	  -22.750000	
 -31.250000	  -22.250000	
 -31.250000	  -21.750000	
 -31.250000	  -21.250000	
 -31.250000	  -20.750000	
 -31.250000	  -20.250000	
 -31.250000	  -19.750000	
 -31.250000	  -19.250000	
 -31.250000	  -18.750000	
 -31.250000	  -18.250000	
 -31.250000	  -17.750000	
 -31.250000	  -17.250000	
 -31.250000	  -16.750000	
 -31.250000	  -16.250000	
 -31.250000	  -15.750000	
 -31.250000	  -15.250000	
 -31.250000	  -14.750000	
 -31.250000	  -14.250000	
 -31.250000	  -13.750000	
 -31.250000	  -13.250000	
 -30.750000	  -47.750000	
 -30.750000	  -47.250000	
 -30.750000	  -46.750000	
 -30.750000	  -46.250000	
 -30.750000	  -45.750000	
 -30.750000	  -45.250000	
 -30.750000	  -44.750000	
 -30.750000	  -44.250000	
 -30.750000	  -43.750000	
 -30.750000	  -43.250000	
 -30.750000	  -42.750000	
 -30.750000	  -42.250000	
 -30.750000	  -41.750000	
 -30.750000	  -41.250000	
 -30.750000	  -40.750000	
 -30.750000	  -40.250000	
 -30.750000	  -39.750000	
 -30.750000	  -39.250000	
 -30.750000	  -38.750000	
 -30.750000	  -38.250000	
 -30.750000	  -37.750000	
 -30.750000	  -37.250000	
 -30.750000	  -36.750000	
 -30.750000	  -36.250000	
 -30.750000	  -35.750000	
 -30.750000	  -35.250000	
 -30.750000	  -34.750000	
 -30.750000	  -34.250000	
 -30.750000	  -33.750000	
 -30.750000	  -33.250000	
 -30.750000	  -32.750000	
 -30.750000	  -32.250000	
 -30.750000	  -31.750000	
 -30.750000	  -31.250000	
 -30.750000	  -30.750000	
 -30.750000	  -30.250000	
 -30.750000	  -29.750000	
 -30.750000	  -29.250000	
 -30.750000	  -28.750000	
 -30.750000	  -28.250000	
 -30.750000	  -27.750000	
 -30.750000	  -27.250000	
 -30.750000	  -26.750000	
 -30.750000	  -26.250000	
 -30.750000	  -25.750000	
 -30.750000	  -25.250000	
 -30.750000	  -24.750000	
 -30.750000	  -24.250000	
 -30.750000	  -23.750000	
 -30.750000	  -23.250000	
 -30.750000	  -22.750000	
 -30.750000	  -22.250000	
 -30.750000	  -21.750000	
 -30.750000	  -21.250000	
 -30.750000	  -20.750000	
 -30.750000	  -20.250000	
 -30.750000	  -19.750000	
 -30.750000	  -19.250000	
 -30.750000	  -18.750000	
 -30.750000	  -18.250000	
 -30.750000	  -17.750000	
 -30.750000	  -17.250000	
 -30.750000	  -16.750000	
 -30.750000	  -16.250000	
 -30.750000	  -15.750000	
 -30.750000	  -15.250000	
 -30.750000	  -14.750000	
 -30.750000	  -14.250000	
 -30.750000	  -13.750000	
 -30.750000	  -13.250000	
 -30.250000	  -47.750000	
 -30.250000	  -47.250000	
 -30.250000	  -46.750000	
 -30.250000	  -46.250000	
 -30.250000	  -45.750000	
 -30.250000	  -45.250000	
 -30.250000	  -44.750000	
 -30.250000	  -44.250000	
 -30.250000	  -43.750000	
 -30.250000	  -43.250000	
 -30.250000	  -42.750000	
 -30.250000	  -42.250000	
 -30.250000	  -41.750000	
 -30.250000	  -41.250000	
 -30.250000	  -40.750000	
 -30.250000	  -40.250000	
 -30.250000	  -39.750000	
 -30.250000	  -39.250000	
 -30.250000	  -38.750000	
 -30.250000	  -38.250000	
 -30.250000	  -37.750000	
 -30.250000	  -37.250000	
 -30.250000	  -36.750000	
 -30.250000	  -36.250000	
 -30.250000	  -35.750000	
 -30.250000	  -35.250000	
 -30.250000	  -34.750000	
 -30.250000	  -34.250000	
 -30.250000	  -33.750000	
 -30.250000	  -33.250000	
 -30.250000	  -32.750000	
 -30.250000	  -32.250000	
 -30.250000	  -31.750000	
 -30.250000	  -31.250000	
 -30.250000	  -30.750000	
 -30.250000	  -30.250000	
 -30.250000	  -29.750000	
 -30.250000	  -29.250000	
 -30.250000	  -28.750000	
 -30.250000	  -28.250000	
 -30.250000	  -27.750000	
 -30.250000	  -27.250000	
 -30.250000	  -26.750000	
 -30.250000	  -26.250000	
 -30.250000	  -25.750000	
 -30.250000	  -25.250000	
 -30.250000	  -24.750000	
 -30.250000	  -24.250000	
 -30.250000	  -23.750000	
 -30.250000	  -23.250000	
 -30.250000	  -22.750000	
 -30.250000	  -22.250000	
 -30.250000	  -21.750000	
 -30.250000	  -21.250000	
 -30.250000	  -20.750000	
 -30.250000	  -20.250000	
 -30.250000	  -19.750000	
 -30.250000	  -19.250000	
 -30.250000	  -18.750000	
 -30.250000	  -18.250000	
 -30.250000	  -17.750000	
 -30.250000	  -17.250000	
 -30.250000	  -16.750000	
 -30.250000	  -16.250000	
 -30.250000	  -15.750000	
 -30.250000	  -15.250000	
 -30.250000	  -14.750000	
 -30.250000	  -14.250000	
 -30.250000	  -13.750000	
 -30.250000	  -13.250000	
 -29.750000	  -47.750000	
 -29.750000	  -47.250000	
 -29.750000	  -46.750000	
 -29.750000	  -46.250000	
 -29.750000	  -45.750000	
 -29.750000	  -45.250000	
 -29.750000	  -44.750000	
 -29.750000	  -44.250000	
 -29.750000	  -43.750000	
 -29.750000	  -43.250000	
 -29.750000	  -42.750000	
 -29.750000	  -42.250000	
 -29.750000	  -41.750000	
 -29.750000	  -41.250000	
 -29.750000	  -40.750000	
 -29.750000	  -40.250000	
 -29.750000	  -39.750000	
 -29.750000	  -39.250000	
 -29.750000	  -38.750000	
 -29.750000	  -38.250000	
 -29.750000	  -37.750000	
 -29.750000	  -37.250000	
 -29.750000	  -36.750000	
 -29.750000	  -36.250000	
 -29.750000	  -35.750000	
 -29.750000	  -35.250000	
 -29.750000	  -34.750000	
 -29.750000	  -34.250000	
 -29.750000	  -33.750000	
 -29.750000	  -33.250000	
 -29.750000	  -32.750000	
 -29.750000	  -32.250000	
 -29.750000	  -31.750000	
 -29.750000	  -31.250000	
 -29.750000	  -30.750000	
 -29.750000	  -30.250000	
 -29.750000	  -29.750000	
 -29.750000	  -29.250000	
 -29.750000	  -28.750000	
 -29.750000	  -28.250000	
 -29.750000	  -27.750000	
 -29.750000	  -27.250000	
 -29.750000	  -26.750000	
 -29.750000	  -26.250000	
 -29.750000	  -25.750000	
 -29.750000	  -25.250000	
 -29.750000	  -24.750000	
 -29.750000	  -24.250000	
 -29.750000	  -23.750000	
 -29.750000	  -23.250000	
 -29.750000	  -22.750000	
 -29.750000	  -22.250000	
 -29.750000	  -21.750000	
 -29.750000	  -21.250000	
 -29.750000	  -20.750000	
 -29.750000	  -20.250000	
 -29.750000	  -19.750000	
 -29.750000	  -19.250000	
 -29.750000	  -18.750000	
 -29.750000	  -18.250000	
 -29.750000	  -17.750000	
 -29.750000	  -17.250000	
 -29.750000	  -16.750000	
 -29.750000	  -16.250000	
 -29.750000	  -15.750000	
 -29.750000	  -15.250000	
 -29.750000	  -14.750000	
 -29.750000	  -14.250000	
 -29.750000	  -13.750000	
 -29.750000	  -13.250000	
 -29.750000	  -12.750000	
 -29.250000	  -47.750000	
 -29.250000	  -47.250000	
 -29.250000	  -46.750000	
 -29.250000	  -46.250000	
 -29.250000	  -45.750000	
 -29.250000	  -45.250000	
 -29.250000	  -44.750000	
 -29.250000	  -44.250000	
 -29.250000	  -43.750000	
 -29.250000	  -43.250000	
 -29.250000	  -42.750000	
 -29.250000	  -42.250000	
 -29.250000	  -41.750000	
 -29.250000	  -41.250000	
 -29.250000	  -40.750000	
 -29.250000	  -40.250000	
 -29.250000	  -39.750000	
 -29.250000	  -39.250000	
 -29.250000	  -38.750000	
 -29.250000	  -38.250000	
 -29.250000	  -37.750000	
 -29.250000	  -37.250000	
 -29.250000	  -36.750000	
 -29.250000	  -36.250000	
 -29.250000	  -35.750000	
 -29.250000	  -35.250000	
 -29.250000	  -34.750000	
 -29.250000	  -34.250000	
 -29.250000	  -33.750000	
 -29.250000	  -33.250000	
 -29.250000	  -32.750000	
 -29.250000	  -32.250000	
 -29.250000	  -31.750000	
 -29.250000	  -31.250000	
 -29.250000	  -30.750000	
 -29.250000	  -30.250000	
 -29.250000	  -29.750000	
 -29.250000	  -29.250000	
 -29.250000	  -28.750000	
 -29.250000	  -28.250000	
 -29.250000	  -27.750000	
 -29.250000	  -27.250000	
 -29.250000	  -26.750000	
 -29.250000	  -26.250000	
 -29.250000	  -25.750000	
 -29.250000	  -25.250000	
 -29.250000	  -24.750000	
 -29.250000	  -24.250000	
 -29.250000	  -23.750000	
 -29.250000	  -23.250000	
 -29.250000	  -22.750000	
 -29.250000	  -22.250000	
 -29.250000	  -21.750000	
 -29.250000	  -21.250000	
 -29.250000	  -20.750000	
 -29.250000	  -20.250000	
 -29.250000	  -19.750000	
 -29.250000	  -19.250000	
 -29.250000	  -18.750000	
 -29.250000	  -18.250000	
 -29.250000	  -17.750000	
 -29.250000	  -17.250000	
 -29.250000	  -16.750000	
 -29.250000	  -16.250000	
 -29.250000	  -15.750000	
 -29.250000	  -15.250000	
 -29.250000	  -14.750000	
 -29.250000	  -14.250000	
 -29.250000	  -13.750000	
 -29.250000	  -13.250000	
 -29.250000	  -12.750000	
 -28.750000	  -47.750000	
 -28.750000	  -47.250000	
 -28.750000	  -46.750000	
 -28.750000	  -46.250000	
 -28.750000	  -45.750000	
 -28.750000	  -45.250000	
 -28.750000	  -44.750000	
 -28.750000	  -44.250000	
 -28.750000	  -43.750000	
 -28.750000	  -43.250000	
 -28.750000	  -42.750000	
 -28.750000	  -42.250000	
 -28.750000	  -41.750000	
 -28.750000	  -41.250000	
 -28.750000	  -40.750000	
 -28.750000	  -40.250000	
 -28.750000	  -39.750000	
 -28.750000	  -39.250000	
 -28.750000	  -38.750000	
 -28.750000	  -38.250000	
 -28.750000	  -37.750000	
 -28.750000	  -37.250000	
 -28.750000	  -36.750000	
 -28.750000	  -36.250000	
 -28.750000	  -35.750000	
 -28.750000	  -35.250000	
 -28.750000	  -34.750000	
 -28.750000	  -34.250000	
 -28.750000	  -33.750000	
 -28.750000	  -33.250000	
 -28.750000	  -32.750000	
 -28.750000	  -32.250000	
 -28.750000	  -31.750000	
 -28.750000	  -31.250000	
 -28.750000	  -30.750000	
 -28.750000	  -30.250000	
 -28.750000	  -29.750000	
 -28.750000	  -29.250000	
 -28.750000	  -28.750000	
 -28.750000	  -28.250000	
 -28.750000	  -27.750000	
 -28.750000	  -27.250000	
 -28.750000	  -26.750000	
 -28.750000	  -26.250000	
 -28.750000	  -25.750000	
 -28.750000	  -25.250000	
 -28.750000	  -24.750000	
 -28.750000	  -24.250000	
 -28.750000	  -23.750000	
 -28.750000	  -23.250000	
 -28.750000	  -22.750000	
 -28.750000	  -22.250000	
 -28.750000	  -21.750000	
 -28.750000	  -21.250000	
 -28.750000	  -20.750000	
 -28.750000	  -20.250000	
 -28.750000	  -19.750000	
 -28.750000	  -19.250000	
 -28.750000	  -18.750000	
 -28.750000	  -18.250000	
 -28.750000	  -17.750000	
 -28.750000	  -17.250000	
 -28.750000	  -16.750000	
 -28.750000	  -16.250000	
 -28.750000	  -15.750000	
 -28.750000	  -15.250000	
 -28.750000	  -14.750000	
 -28.750000	  -14.250000	
 -28.750000	  -13.750000	
 -28.750000	  -13.250000	
 -28.750000	  -12.750000	
 -28.250000	  -47.750000	
 -28.250000	  -47.250000	
 -28.250000	  -46.750000	
 -28.250000	  -46.250000	
 -28.250000	  -45.750000	
 -28.250000	  -45.250000	
 -28.250000	  -44.750000	
 -28.250000	  -44.250000	
 -28.250000	  -43.750000	
 -28.250000	  -43.250000	
 -28.250000	  -42.750000	
 -28.250000	  -42.250000	
 -28.250000	  -41.750000	
 -28.250000	  -41.250000	
 -28.250000	  -40.750000	
 -28.250000	  -40.250000	
 -28.250000	  -39.750000	
 -28.250000	  -39.250000	
 -28.250000	  -38.750000	
 -28.250000	  -38.250000	
 -28.250000	  -37.750000	
 -28.250000	  -37.250000	
 -28.250000	  -36.750000	
 -28.250000	  -36.250000	
 -28.250000	  -35.750000	
 -28.250000	  -35.250000	
 -28.250000	  -34.750000	
 -28.250000	  -34.250000	
 -28.250000	  -33.750000	
 -28.250000	  -33.250000	
 -28.250000	  -32.750000	
 -28.250000	  -32.250000	
 -28.250000	  -31.750000	
 -28.250000	  -31.250000	
 -28.250000	  -30.750000	
 -28.250000	  -30.250000	
 -28.250000	  -29.750000	
 -28.250000	  -29.250000	
 -28.250000	  -28.750000	
 -28.250000	  -28.250000	
 -28.250000	  -27.750000	
 -28.250000	  -27.250000	
 -28.250000	  -26.750000	
 -28.250000	  -26.250000	
 -28.250000	  -25.750000	
 -28.250000	  -25.250000	
 -28.250000	  -24.750000	
 -28.250000	  -24.250000	
 -28.250000	  -23.750000	
 -28.250000	  -23.250000	
 -28.250000	  -22.750000	
 -28.250000	  -22.250000	
 -28.250000	  -21.750000	
 -28.250000	  -21.250000	
 -28.250000	  -20.750000	
 -28.250000	  -20.250000	
 -28.250000	  -19.750000	
 -28.250000	  -19.250000	
 -28.250000	  -18.750000	
 -28.250000	  -18.250000	
 -28.250000	  -17.750000	
 -28.250000	  -17.250000	
 -28.250000	  -16.750000	
 -28.250000	  -16.250000	
 -28.250000	  -15.750000	
 -28.250000	  -15.250000	
 -28.250000	  -14.750000	
 -28.250000	  -14.250000	
 -28.250000	  -13.750000	
 -28.250000	  -13.250000	
 -28.250000	  -12.750000	
 -27.750000	  -47.750000	
 -27.750000	  -47.250000	
 -27.750000	  -46.750000	
 -27.750000	  -46.250000	
 -27.750000	  -45.750000	
 -27.750000	  -45.250000	
 -27.750000	  -44.750000	
 -27.750000	  -44.250000	
 -27.750000	  -43.750000	
 -27.750000	  -43.250000	
 -27.750000	  -42.750000	
 -27.750000	  -42.250000	
 -27.750000	  -41.750000	
 -27.750000	  -41.250000	
 -27.750000	  -40.750000	
 -27.750000	  -40.250000	
 -27.750000	  -39.750000	
 -27.750000	  -39.250000	
 -27.750000	  -38.750000	
 -27.750000	  -38.250000	
 -27.750000	  -37.750000	
 -27.750000	  -37.250000	
 -27.750000	  -36.750000	
 -27.750000	  -36.250000	
 -27.750000	  -35.750000	
 -27.750000	  -35.250000	
 -27.750000	  -34.750000	
 -27.750000	  -34.250000	
 -27.750000	  -33.750000	
 -27.750000	  -33.250000	
 -27.750000	  -32.750000	
 -27.750000	  -32.250000	
 -27.750000	  -31.750000	
 -27.750000	  -31.250000	
 -27.750000	  -30.750000	
 -27.750000	  -30.250000	
 -27.750000	  -29.750000	
 -27.750000	  -29.250000	
 -27.750000	  -28.750000	
 -27.750000	  -28.250000	
 -27.750000	  -27.750000	
 -27.750000	  -27.250000	
 -27.750000	  -26.750000	
 -27.750000	  -26.250000	
 -27.750000	  -25.750000	
 -27.750000	  -25.250000	
 -27.750000	  -24.750000	
 -27.750000	  -24.250000	
 -27.750000	  -23.750000	
 -27.750000	  -23.250000	
 -27.750000	  -22.750000	
 -27.750000	  -22.250000	
 -27.750000	  -21.750000	
 -27.750000	  -21.250000	
 -27.750000	  -20.750000	
 -27.750000	  -20.250000	
 -27.750000	  -19.750000	
 -27.750000	  -19.250000	
 -27.750000	  -18.750000	
 -27.750000	  -18.250000	
 -27.750000	  -17.750000	
 -27.750000	  -17.250000	
 -27.750000	  -16.750000	
 -27.750000	  -16.250000	
 -27.750000	  -15.750000	
 -27.750000	  -15.250000	
 -27.750000	  -14.750000	
 -27.750000	  -14.250000	
 -27.750000	  -13.750000	
 -27.750000	  -13.250000	
 -27.750000	  -12.750000	
 -27.750000	  -12.250000	
 -27.250000	  -47.750000	
 -27.250000	  -47.250000	
 -27.250000	  -46.750000	
 -27.250000	  -46.250000	
 -27.250000	  -45.750000	
 -27.250000	  -45.250000	
 -27.250000	  -44.750000	
 -27.250000	  -44.250000	
 -27.250000	  -43.750000	
 -27.250000	  -43.250000	
 -27.250000	  -42.750000	
 -27.250000	  -42.250000	
 -27.250000	  -41.750000	
 -27.250000	  -41.250000	
 -27.250000	  -40.750000	
 -27.250000	  -40.250000	
 -27.250000	  -39.750000	
 -27.250000	  -39.250000	
 -27.250000	  -38.750000	
 -27.250000	  -38.250000	
 -27.250000	  -37.750000	
 -27.250000	  -37.250000	
 -27.250000	  -36.750000	
 -27.250000	  -36.250000	
 -27.250000	  -35.750000	
 -27.250000	  -35.250000	
 -27.250000	  -34.750000	
 -27.250000	  -34.250000	
 -27.250000	  -33.750000	
 -27.250000	  -33.250000	
 -27.250000	  -32.750000	
 -27.250000	  -32.250000	
 -27.250000	  -31.750000	
 -27.250000	  -31.250000	
 -27.250000	  -30.750000	
 -27.250000	  -30.250000	
 -27.250000	  -29.750000	
 -27.250000	  -29.250000	
 -27.250000	  -28.750000	
 -27.250000	  -28.250000	
 -27.250000	  -27.750000	
 -27.250000	  -27.250000	
 -27.250000	  -26.750000	
 -27.250000	  -26.250000	
 -27.250000	  -25.750000	
 -27.250000	  -25.250000	
 -27.250000	  -24.750000	
 -27.250000	  -24.250000	
 -27.250000	  -23.750000	
 -27.250000	  -23.250000	
 -27.250000	  -22.750000	
 -27.250000	  -22.250000	
 -27.250000	  -21.750000	
 -27.250000	  -21.250000	
 -27.250000	  -20.750000	
 -27.250000	  -20.250000	
 -27.250000	  -19.750000	
 -27.250000	  -19.250000	
 -27.250000	  -18.750000	
 -27.250000	  -18.250000	
 -27.250000	  -17.750000	
 -27.250000	  -17.250000	
 -27.250000	  -16.750000	
 -27.250000	  -16.250000	
 -27.250000	  -15.750000	
 -27.250000	  -15.250000	
 -27.250000	  -14.750000	
 -27.250000	  -14.250000	
 -27.250000	  -13.750000	
 -27.250000	  -13.250000	
 -27.250000	  -12.750000	
 -27.250000	  -12.250000	
 -26.750000	  -47.250000	
 -26.750000	  -46.750000	
 -26.750000	  -46.250000	
 -26.750000	  -45.750000	
 -26.750000	  -45.250000	
 -26.750000	  -44.750000	
 -26.750000	  -44.250000	
 -26.750000	  -43.750000	
 -26.750000	  -43.250000	
 -26.750000	  -42.750000	
 -26.750000	  -42.250000	
 -26.750000	  -41.750000	
 -26.750000	  -41.250000	
 -26.750000	  -40.750000	
 -26.750000	  -40.250000	
 -26.750000	  -39.750000	
 -26.750000	  -39.250000	
 -26.750000	  -38.750000	
 -26.750000	  -38.250000	
 -26.750000	  -37.750000	
 -26.750000	  -37.250000	
 -26.750000	  -36.750000	
 -26.750000	  -36.250000	
 -26.750000	  -35.750000	
 -26.750000	  -35.250000	
 -26.750000	  -34.750000	
 -26.750000	  -34.250000	
 -26.750000	  -33.750000	
 -26.750000	  -33.250000	
 -26.750000	  -32.750000	
 -26.750000	  -32.250000	
 -26.750000	  -31.750000	
 -26.750000	  -31.250000	
 -26.750000	  -30.750000	
 -26.750000	  -30.250000	
 -26.750000	  -29.750000	
 -26.750000	  -29.250000	
 -26.750000	  -28.750000	
 -26.750000	  -28.250000	
 -26.750000	  -27.750000	
 -26.750000	  -27.250000	
 -26.750000	  -26.750000	
 -26.750000	  -26.250000	
 -26.750000	  -25.750000	
 -26.750000	  -25.250000	
 -26.750000	  -24.750000	
 -26.750000	  -24.250000	
 -26.750000	  -23.750000	
 -26.750000	  -23.250000	
 -26.750000	  -22.750000	
 -26.750000	  -22.250000	
 -26.750000	  -21.750000	
 -26.750000	  -21.250000	
 -26.750000	  -20.750000	
 -26.750000	  -20.250000	
 -26.750000	  -19.750000	
 -26.750000	  -19.250000	
 -26.750000	  -18.750000	
 -26.750000	  -18.250000	
 -26.750000	  -17.750000	
 -26.750000	  -17.250000	
 -26.750000	  -16.750000	
 -26.750000	  -16.250000	
 -26.750000	  -15.750000	
 -26.750000	  -15.250000	
 -26.750000	  -14.750000	
 -26.750000	  -14.250000	
 -26.750000	  -13.750000	
 -26.750000	  -13.250000	
 -26.750000	  -12.750000	
 -26.250000	  -46.750000	
 -26.250000	  -46.250000	
 -26.250000	  -45.750000	
 -26.250000	  -45.250000	
 -26.250000	  -44.750000	
 -26.250000	  -44.250000	
 -26.250000	  -43.750000	
 -26.250000	  -43.250000	
 -26.250000	  -42.750000	
 -26.250000	  -42.250000	
 -26.250000	  -41.750000	
 -26.250000	  -41.250000	
 -26.250000	  -40.750000	
 -26.250000	  -40.250000	
 -26.250000	  -39.750000	
 -26.250000	  -39.250000	
 -26.250000	  -38.750000	
 -26.250000	  -38.250000	
 -26.250000	  -37.750000	
 -26.250000	  -37.250000	
 -26.250000	  -36.750000	
 -26.250000	  -36.250000	
 -26.250000	  -35.750000	
 -26.250000	  -35.250000	
 -26.250000	  -34.750000	
 -26.250000	  -34.250000	
 -26.250000	  -33.750000	
 -26.250000	  -33.250000	
 -26.250000	  -32.750000	
 -26.250000	  -32.250000	
 -26.250000	  -31.750000	
 -26.250000	  -31.250000	
 -26.250000	  -30.750000	
 -26.250000	  -30.250000	
 -26.250000	  -29.750000	
 -26.250000	  -29.250000	
 -26.250000	  -28.750000	
 -26.250000	  -28.250000	
 -26.250000	  -27.750000	
 -26.250000	  -27.250000	
 -26.250000	  -26.750000	
 -26.250000	  -26.250000	
 -26.250000	  -25.750000	
 -26.250000	  -25.250000	
 -26.250000	  -24.750000	
 -26.250000	  -24.250000	
 -26.250000	  -23.750000	
 -26.250000	  -23.250000	
 -26.250000	  -22.750000	
 -26.250000	  -22.250000	
 -26.250000	  -21.750000	
 -26.250000	  -21.250000	
 -26.250000	  -20.750000	
 -26.250000	  -20.250000	
 -26.250000	  -19.750000	
 -26.250000	  -19.250000	
 -26.250000	  -18.750000	
 -26.250000	  -18.250000	
 -26.250000	  -17.750000	
 -26.250000	  -17.250000	
 -26.250000	  -16.750000	
 -26.250000	  -16.250000	
 -26.250000	  -15.750000	
 -26.250000	  -15.250000	
 -26.250000	  -14.750000	
 -26.250000	  -14.250000	
 -26.250000	  -13.750000	
 -26.250000	  -13.250000	
 -25.750000	  -46.750000	
 -25.750000	  -46.250000	
 -25.750000	  -45.750000	
 -25.750000	  -45.250000	
 -25.750000	  -44.750000	
 -25.750000	  -44.250000	
 -25.750000	  -43.750000	
 -25.750000	  -43.250000	
 -25.750000	  -42.750000	
 -25.750000	  -42.250000	
 -25.750000	  -41.750000	
 -25.750000	  -41.250000	
 -25.750000	  -40.750000	
 -25.750000	  -40.250000	
 -25.750000	  -39.750000	
 -25.750000	  -39.250000	
 -25.750000	  -38.750000	
 -25.750000	  -38.250000	
 -25.750000	  -37.750000	
 -25.750000	  -37.250000	
 -25.750000	  -36.750000	
 -25.750000	  -36.250000	
 -25.750000	  -35.750000	
 -25.750000	  -35.250000	
 -25.750000	  -34.750000	
 -25.750000	  -34.250000	
 -25.750000	  -33.750000	
 -25.750000	  -33.250000	
 -25.750000	  -32.750000	
 -25.750000	  -32.250000	
 -25.750000	  -31.750000	
 -25.750000	  -31.250000	
 -25.750000	  -30.750000	
 -25.750000	  -30.250000	
 -25.750000	  -29.750000	
 -25.750000	  -29.250000	
 -25.750000	  -28.750000	
 -25.750000	  -28.250000	
 -25.750000	  -27.750000	
 -25.750000	  -27.250000	
 -25.750000	  -26.750000	
 -25.750000	  -26.250000	
 -25.750000	  -25.750000	
 -25.750000	  -25.250000	
 -25.750000	  -24.750000	
 -25.750000	  -24.250000	
 -25.750000	  -23.750000	
 -25.750000	  -23.250000	
 -25.750000	  -22.750000	
 -25.750000	  -22.250000	
 -25.750000	  -21.750000	
 -25.750000	  -21.250000	
 -25.750000	  -20.750000	
 -25.750000	  -20.250000	
 -25.750000	  -19.750000	
 -25.750000	  -19.250000	
 -25.750000	  -18.750000	
 -25.750000	  -18.250000	
 -25.750000	  -17.750000	
 -25.750000	  -17.250000	
 -25.750000	  -16.750000	
 -25.750000	  -16.250000	
 -25.750000	  -15.750000	
 -25.750000	  -15.250000	
 -25.750000	  -14.750000	
 -25.750000	  -14.250000	
 -25.750000	  -13.750000	
 -25.750000	  -13.250000	
 -25.250000	  -46.250000	
 -25.250000	  -45.750000	
 -25.250000	  -45.250000	
 -25.250000	  -44.750000	
 -25.250000	  -44.250000	
 -25.250000	  -43.750000	
 -25.250000	  -43.250000	
 -25.250000	  -42.750000	
 -25.250000	  -42.250000	
 -25.250000	  -41.750000	
 -25.250000	  -41.250000	
 -25.250000	  -40.750000	
 -25.250000	  -40.250000	
 -25.250000	  -39.750000	
 -25.250000	  -39.250000	
 -25.250000	  -38.750000	
 -25.250000	  -38.250000	
 -25.250000	  -37.750000	
 -25.250000	  -37.250000	
 -25.250000	  -36.750000	
 -25.250000	  -36.250000	
 -25.250000	  -35.750000	
 -25.250000	  -35.250000	
 -25.250000	  -34.750000	
 -25.250000	  -34.250000	
 -25.250000	  -33.750000	
 -25.250000	  -33.250000	
 -25.250000	  -32.750000	
 -25.250000	  -32.250000	
 -25.250000	  -31.750000	
 -25.250000	  -31.250000	
 -25.250000	  -30.750000	
 -25.250000	  -30.250000	
 -25.250000	  -29.750000	
 -25.250000	  -29.250000	
 -25.250000	  -28.750000	
 -25.250000	  -28.250000	
 -25.250000	  -27.750000	
 -25.250000	  -27.250000	
 -25.250000	  -26.750000	
 -25.250000	  -26.250000	
 -25.250000	  -25.750000	
 -25.250000	  -25.250000	
 -25.250000	  -24.750000	
 -25.250000	  -24.250000	
 -25.250000	  -23.750000	
 -25.250000	  -23.250000	
 -25.250000	  -22.750000	
 -25.250000	  -22.250000	
 -25.250000	  -21.750000	
 -25.250000	  -21.250000	
 -25.250000	  -20.750000	
 -25.250000	  -20.250000	
 -25.250000	  -19.750000	
 -25.250000	  -19.250000	
 -25.250000	  -18.750000	
 -25.250000	  -18.250000	
 -25.250000	  -17.750000	
 -25.250000	  -17.250000	
 -25.250000	  -16.750000	
 -25.250000	  -16.250000	
 -25.250000	  -15.750000	
 -25.250000	  -15.250000	
 -25.250000	  -14.750000	
 -25.250000	  -14.250000	
 -25.250000	  -13.750000	
 -24.750000	  -46.250000	
 -24.750000	  -45.750000	
 -24.750000	  -45.250000	
 -24.750000	  -44.750000	
 -24.750000	  -44.250000	
 -24.750000	  -43.750000	
 -24.750000	  -43.250000	
 -24.750000	  -42.750000	
 -24.750000	  -42.250000	
 -24.750000	  -41.750000	
 -24.750000	  -41.250000	
 -24.750000	  -40.750000	
 -24.750000	  -40.250000	
 -24.750000	  -39.750000	
 -24.750000	  -39.250000	
 -24.750000	  -38.750000	
 -24.750000	  -38.250000	
 -24.750000	  -37.750000	
 -24.750000	  -37.250000	
 -24.750000	  -36.750000	
 -24.750000	  -36.250000	
 -24.750000	  -35.750000	
 -24.750000	  -35.250000	
 -24.750000	  -34.750000	
 -24.750000	  -34.250000	
 -24.750000	  -33.750000	
 -24.750000	  -33.250000	
 -24.750000	  -32.750000	
 -24.750000	  -32.250000	
 -24.750000	  -31.750000	
 -24.750000	  -31.250000	
 -24.750000	  -30.750000	
 -24.750000	  -30.250000	
 -24.750000	  -29.750000	
 -24.750000	  -29.250000	
 -24.750000	  -28.750000	
 -24.750000	  -28.250000	
 -24.750000	  -27.750000	
 -24.750000	  -27.250000	
 -24.750000	  -26.750000	
 -24.750000	  -26.250000	
 -24.750000	  -25.750000	
 -24.750000	  -25.250000	
 -24.750000	  -24.750000	
 -24.750000	  -24.250000	
 -24.750000	  -23.750000	
 -24.750000	  -23.250000	
 -24.750000	  -22.750000	
 -24.750000	  -22.250000	
 -24.750000	  -21.750000	
 -24.750000	  -21.250000	
 -24.750000	  -20.750000	
 -24.750000	  -20.250000	
 -24.750000	  -19.750000	
 -24.750000	  -19.250000	
 -24.750000	  -18.750000	
 -24.750000	  -18.250000	
 -24.750000	  -17.750000	
 -24.750000	  -17.250000	
 -24.750000	  -16.750000	
 -24.750000	  -16.250000	
 -24.750000	  -15.750000	
 -24.750000	  -15.250000	
 -24.750000	  -14.750000	
 -24.750000	  -14.250000	
 -24.250000	  -45.750000	
 -24.250000	  -45.250000	
 -24.250000	  -44.750000	
 -24.250000	  -44.250000	
 -24.250000	  -43.750000	
 -24.250000	  -43.250000	
 -24.250000	  -42.750000	
 -24.250000	  -42.250000	
 -24.250000	  -41.750000	
 -24.250000	  -41.250000	
 -24.250000	  -40.750000	
 -24.250000	  -40.250000	
 -24.250000	  -39.750000	
 -24.250000	  -39.250000	
 -24.250000	  -38.750000	
 -24.250000	  -38.250000	
 -24.250000	  -37.750000	
 -24.250000	  -37.250000	
 -24.250000	  -36.750000	
 -24.250000	  -36.250000	
 -24.250000	  -35.750000	
 -24.250000	  -35.250000	
 -24.250000	  -34.750000	
 -24.250000	  -34.250000	
 -24.250000	  -33.750000	
 -24.250000	  -33.250000	
 -24.250000	  -32.750000	
 -24.250000	  -32.250000	
 -24.250000	  -31.750000	
 -24.250000	  -31.250000	
 -24.250000	  -30.750000	
 -24.250000	  -30.250000	
 -24.250000	  -29.750000	
 -24.250000	  -29.250000	
 -24.250000	  -28.750000	
 -24.250000	  -28.250000	
 -24.250000	  -27.750000	
 -24.250000	  -27.250000	
 -24.250000	  -26.750000	
 -24.250000	  -26.250000	
 -24.250000	  -25.750000	
 -24.250000	  -25.250000	
 -24.250000	  -24.750000	
 -24.250000	  -24.250000	
 -24.250000	  -23.750000	
 -24.250000	  -23.250000	
 -24.250000	  -22.750000	
 -24.250000	  -22.250000	
 -24.250000	  -21.750000	
 -24.250000	  -21.250000	
 -24.250000	  -20.750000	
 -24.250000	  -20.250000	
 -24.250000	  -19.750000	
 -24.250000	  -19.250000	
 -24.250000	  -18.750000	
 -24.250000	  -18.250000	
 -24.250000	  -17.750000	
 -24.250000	  -17.250000	
 -24.250000	  -16.750000	
 -24.250000	  -16.250000	
 -24.250000	  -15.750000	
 -24.250000	  -15.250000	
 -24.250000	  -14.750000	
 -24.250000	  -14.250000	
 -23.750000	  -45.750000	
 -23.750000	  -45.250000	
 -23.750000	  -44.750000	
 -23.750000	  -44.250000	
 -23.750000	  -43.750000	
 -23.750000	  -43.250000	
 -23.750000	  -42.750000	
 -23.750000	  -42.250000	
 -23.750000	  -41.750000	
 -23.750000	  -41.250000	
 -23.750000	  -40.750000	
 -23.750000	  -40.250000	
 -23.750000	  -39.750000	
 -23.750000	  -39.250000	
 -23.750000	  -38.750000	
 -23.750000	  -38.250000	
 -23.750000	  -37.750000	
 -23.750000	  -37.250000	
 -23.750000	  -36.750000	
 -23.750000	  -36.250000	
 -23.750000	  -35.750000	
 -23.750000	  -35.250000	
 -23.750000	  -34.750000	
 -23.750000	  -34.250000	
 -23.750000	  -33.750000	
 -23.750000	  -33.250000	
 -23.750000	  -32.750000	
 -23.750000	  -32.250000	
 -23.750000	  -31.750000	
 -23.750000	  -31.250000	
 -23.750000	  -30.750000	
 -23.750000	  -30.250000	
 -23.750000	  -29.750000	
 -23.750000	  -29.250000	
 -23.750000	  -28.750000	
 -23.750000	  -28.250000	
 -23.750000	  -27.750000	
 -23.750000	  -27.250000	
 -23.750000	  -26.750000	
 -23.750000	  -26.250000	
 -23.750000	  -25.750000	
 -23.750000	  -25.250000	
 -23.750000	  -24.750000	
 -23.750000	  -24.250000	
 -23.750000	  -23.750000	
 -23.750000	  -23.250000	
 -23.750000	  -22.750000	
 -23.750000	  -22.250000	
 -23.750000	  -21.750000	
 -23.750000	  -21.250000	
 -23.750000	  -20.750000	
 -23.750000	  -20.250000	
 -23.750000	  -19.750000	
 -23.750000	  -19.250000	
 -23.750000	  -18.750000	
 -23.750000	  -18.250000	
 -23.750000	  -17.750000	
 -23.750000	  -17.250000	
 -23.750000	  -16.750000	
 -23.750000	  -16.250000	
 -23.750000	  -15.750000	
 -23.750000	  -15.250000	
 -23.750000	  -14.750000	
 -23.250000	  -45.250000	
 -23.250000	  -44.750000	
 -23.250000	  -44.250000	
 -23.250000	  -43.750000	
 -23.250000	  -43.250000	
 -23.250000	  -42.750000	
 -23.250000	  -42.250000	
 -23.250000	  -41.750000	
 -23.250000	  -41.250000	
 -23.250000	  -40.750000	
 -23.250000	  -40.250000	
 -23.250000	  -39.750000	
 -23.250000	  -39.250000	
 -23.250000	  -38.750000	
 -23.250000	  -38.250000	
 -23.250000	  -37.750000	
 -23.250000	  -37.250000	
 -23.250000	  -36.750000	
 -23.250000	  -36.250000	
 -23.250000	  -35.750000	
 -23.250000	  -35.250000	
 -23.250000	  -34.750000	
 -23.250000	  -34.250000	
 -23.250000	  -33.750000	
 -23.250000	  -33.250000	
 -23.250000	  -32.750000	
 -23.250000	  -32.250000	
 -23.250000	  -31.750000	
 -23.250000	  -31.250000	
 -23.250000	  -30.750000	
 -23.250000	  -30.250000	
 -23.250000	  -29.750000	
 -23.250000	  -29.250000	
 -23.250000	  -28.750000	
 -23.250000	  -28.250000	
 -23.250000	  -27.750000	
 -23.250000	  -27.250000	
 -23.250000	  -26.750000	
 -23.250000	  -26.250000	
 -23.250000	  -25.750000	
 -23.250000	  -25.250000	
 -23.250000	  -24.750000	
 -23.250000	  -24.250000	
 -23.250000	  -23.750000	
 -23.250000	  -23.250000	
 -23.250000	  -22.750000	
 -23.250000	  -22.250000	
 -23.250000	  -21.750000	
 -23.250000	  -21.250000	
 -23.250000	  -20.750000	
 -23.250000	  -20.250000	
 -23.250000	  -19.750000	
 -23.250000	  -19.250000	
 -23.250000	  -18.750000	
 -23.250000	  -18.250000	
 -23.250000	  -17.750000	
 -23.250000	  -17.250000	
 -23.250000	  -16.750000	
 -23.250000	  -16.250000	
 -23.250000	  -15.750000	
 -23.250000	  -15.250000	
 -22.750000	  -44.750000	
 -22.750000	  -44.250000	
 -22.750000	  -43.750000	
 -22.750000	  -43.250000	
 -22.750000	  -42.750000	
 -22.750000	  -42.250000	
 -22.750000	  -41.750000	
 -22.750000	  -41.250000	
 -22.750000	  -40.750000	
 -22.750000	  -40.250000	
 -22.750000	  -39.750000	
 -22.750000	  -39.250000	
 -22.750000	  -38.750000	
 -22.750000	  -38.250000	
 -22.750000	  -37.750000	
 -22.750000	  -37.250000	
 -22.750000	  -36.750000	
 -22.750000	  -36.250000	
 -22.750000	  -35.750000	
 -22.750000	  -35.250000	
 -22.750000	  -34.750000	
 -22.750000	  -34.250000	
 -22.750000	  -33.750000	
 -22.750000	  -33.250000	
 -22.750000	  -32.750000	
 -22.750000	  -32.250000	
 -22.750000	  -31.750000	
 -22.750000	  -31.250000	
 -22.750000	  -30.750000	
 -22.750000	  -30.250000	
 -22.750000	  -29.750000	
 -22.750000	  -29.250000	
 -22.750000	  -28.750000	
 -22.750000	  -28.250000	
 -22.750000	  -27.750000	
 -22.750000	  -27.250000	
 -22.750000	  -26.750000	
 -22.750000	  -26.250000	
 -22.750000	  -25.750000	
 -22.750000	  -25.250000	
 -22.750000	  -24.750000	
 -22.750000	  -24.250000	
 -22.750000	  -23.750000	
 -22.750000	  -23.250000	
 -22.750000	  -22.750000	
 -22.750000	  -22.250000	
 -22.750000	  -21.750000	
 -22.750000	  -21.250000	
 -22.750000	  -20.750000	
 -22.750000	  -20.250000	
 -22.750000	  -19.750000	
 -22.750000	  -19.250000	
 -22.750000	  -18.750000	
 -22.750000	  -18.250000	
 -22.750000	  -17.750000	
 -22.750000	  -17.250000	
 -22.750000	  -16.750000	
 -22.750000	  -16.250000	
 -22.750000	  -15.750000	
 -22.250000	  -44.250000	
 -22.250000	  -43.750000	
 -22.250000	  -43.250000	
 -22.250000	  -42.750000	
 -22.250000	  -42.250000	
 -22.250000	  -41.750000	
 -22.250000	  -41.250000	
 -22.250000	  -40.750000	
 -22.250000	  -40.250000	
 -22.250000	  -39.750000	
 -22.250000	  -39.250000	
 -22.250000	  -38.750000	
 -22.250000	  -38.250000	
 -22.250000	  -37.750000	
 -22.250000	  -37.250000	
 -22.250000	  -36.750000	
 -22.250000	  -36.250000	
 -22.250000	  -35.750000	
 -22.250000	  -35.250000	
 -22.250000	  -34.750000	
 -22.250000	  -34.250000	
 -22.250000	  -33.750000	
 -22.250000	  -33.250000	
 -22.250000	  -32.750000	
 -22.250000	  -32.250000	
 -22.250000	  -31.750000	
 -22.250000	  -31.250000	
 -22.250000	  -30.750000	
 -22.250000	  -30.250000	
 -22.250000	  -29.750000	
 -22.250000	  -29.250000	
 -22.250000	  -28.750000	
 -22.250000	  -28.250000	
 -22.250000	  -27.750000	
 -22.250000	  -27.250000	
 -22.250000	  -26.750000	
 -22.250000	  -26.250000	
 -22.250000	  -25.750000	
 -22.250000	  -25.250000	
 -22.250000	  -24.750000	
 -22.250000	  -24.250000	
 -22.250000	  -23.750000	
 -22.250000	  -23.250000	
 -22.250000	  -22.750000	
 -22.250000	  -22.250000	
 -22.250000	  -21.750000	
 -22.250000	  -21.250000	
 -22.250000	  -20.750000	
 -22.250000	  -20.250000	
 -22.250000	  -19.750000	
 -22.250000	  -19.250000	
 -22.250000	  -18.750000	
 -22.250000	  -18.250000	
 -22.250000	  -17.750000	
 -22.250000	  -17.250000	
 -22.250000	  -16.750000	
 -22.250000	  -16.250000	
 -21.750000	  -43.250000	
 -21.750000	  -42.750000	
 -21.750000	  -42.250000	
 -21.750000	  -41.750000	
 -21.750000	  -41.250000	
 -21.750000	  -40.750000	
 -21.750000	  -40.250000	
 -21.750000	  -39.750000	
 -21.750000	  -39.250000	
 -21.750000	  -38.750000	
 -21.750000	  -38.250000	
 -21.750000	  -37.750000	
 -21.750000	  -37.250000	
 -21.750000	  -36.750000	
 -21.750000	  -36.250000	
 -21.750000	  -35.750000	
 -21.750000	  -35.250000	
 -21.750000	  -34.750000	
 -21.750000	  -34.250000	
 -21.750000	  -33.750000	
 -21.750000	  -33.250000	
 -21.750000	  -32.750000	
 -21.750000	  -32.250000	
 -21.750000	  -31.750000	
 -21.750000	  -31.250000	
 -21.750000	  -30.750000	
 -21.750000	  -30.250000	
 -21.750000	  -29.750000	
 -21.750000	  -29.250000	
 -21.750000	  -28.750000	
 -21.750000	  -28.250000	
 -21.750000	  -27.750000	
 -21.750000	  -27.250000	
 -21.750000	  -26.750000	
 -21.750000	  -26.250000	
 -21.750000	  -25.750000	
 -21.750000	  -25.250000	
 -21.750000	  -24.750000	
 -21.750000	  -24.250000	
 -21.750000	  -23.750000	
 -21.750000	  -23.250000	
 -21.750000	  -22.750000	
 -21.750000	  -22.250000	
 -21.750000	  -21.750000	
 -21.750000	  -21.250000	
 -21.750000	  -20.750000	
 -21.750000	  -20.250000	
 -21.750000	  -19.750000	
 -21.750000	  -19.250000	
 -21.750000	  -18.750000	
 -21.750000	  -18.250000	
 -21.750000	  -17.750000	
 -21.750000	  -17.250000	
 -21.750000	  -16.750000	
 -21.250000	  -42.750000	
 -21.250000	  -42.250000	
 -21.250000	  -41.750000	
 -21.250000	  -41.250000	
 -21.250000	  -40.750000	
 -21.250000	  -40.250000	
 -21.250000	  -39.750000	
 -21.250000	  -39.250000	
 -21.250000	  -38.750000	
 -21.250000	  -38.250000	
 -21.250000	  -37.750000	
 -21.250000	  -37.250000	
 -21.250000	  -36.750000	
 -21.250000	  -36.250000	
 -21.250000	  -35.750000	
 -21.250000	  -35.250000	
 -21.250000	  -34.750000	
 -21.250000	  -34.250000	
 -21.250000	  -33.750000	
 -21.250000	  -33.250000	
 -21.250000	  -32.750000	
 -21.250000	  -32.250000	
 -21.250000	  -31.750000	
 -21.250000	  -31.250000	
 -21.250000	  -30.750000	
 -21.250000	  -30.250000	
 -21.250000	  -29.750000	
 -21.250000	  -29.250000	
 -21.250000	  -28.750000	
 -21.250000	  -28.250000	
 -21.250000	  -27.750000	
 -21.250000	  -27.250000	
 -21.250000	  -26.750000	
 -21.250000	  -26.250000	
 -21.250000	  -25.750000	
 -21.250000	  -25.250000	
 -21.250000	  -24.750000	
 -21.250000	  -24.250000	
 -21.250000	  -23.750000	
 -21.250000	  -23.250000	
 -21.250000	  -22.750000	
 -21.250000	  -22.250000	
 -21.250000	  -21.750000	
 -21.250000	  -21.250000	
 -21.250000	  -20.750000	
 -21.250000	  -20.250000	
 -21.250000	  -19.750000	
 -21.250000	  -19.250000	
 -21.250000	  -18.750000	
 -21.250000	  -18.250000	
 -21.250000	  -17.750000	
 -20.750000	  -42.250000	
 -20.750000	  -41.750000	
 -20.750000	  -41.250000	
 -20.750000	  -40.750000	
 -20.750000	  -40.250000	
 -20.750000	  -39.750000	
 -20.750000	  -39.250000	
 -20.750000	  -38.750000	
 -20.750000	  -38.250000	
 -20.750000	  -37.750000	
 -20.750000	  -37.250000	
 -20.750000	  -36.750000	
 -20.750000	  -36.250000	
 -20.750000	  -35.750000	
 -20.750000	  -35.250000	
 -20.750000	  -34.750000	
 -20.750000	  -34.250000	
 -20.750000	  -33.750000	
 -20.750000	  -33.250000	
 -20.750000	  -32.750000	
 -20.750000	  -32.250000	
 -20.750000	  -31.750000	
 -20.750000	  -31.250000	
 -20.750000	  -30.750000	
 -20.750000	  -30.250000	
 -20.750000	  -29.750000	
 -20.750000	  -29.250000	
 -20.750000	  -28.750000	
 -20.750000	  -28.250000	
 -20.750000	  -27.750000	
 -20.750000	  -27.250000	
 -20.750000	  -26.750000	
 -20.750000	  -26.250000	
 -20.750000	  -25.750000	
 -20.750000	  -25.250000	
 -20.750000	  -24.750000	
 -20.750000	  -24.250000	
 -20.750000	  -23.750000	
 -20.750000	  -23.250000	
 -20.750000	  -22.750000	
 -20.750000	  -22.250000	
 -20.750000	  -21.750000	
 -20.750000	  -21.250000	
 -20.750000	  -20.750000	
 -20.750000	  -20.250000	
 -20.750000	  -19.750000	
 -20.750000	  -19.250000	
 -20.250000	  -41.750000	
 -20.250000	  -41.250000	
 -20.250000	  -40.750000	
 -20.250000	  -40.250000	
 -20.250000	  -39.750000	
 -20.250000	  -39.250000	
 -20.250000	  -38.750000	
 -20.250000	  -38.250000	
 -20.250000	  -37.750000	
 -20.250000	  -37.250000	
 -20.250000	  -36.750000	
 -20.250000	  -36.250000	
 -20.250000	  -35.750000	
 -20.250000	  -35.250000	
 -20.250000	  -34.750000	
 -20.250000	  -34.250000	
 -20.250000	  -33.750000	
 -20.250000	  -33.250000	
 -20.250000	  -32.750000	
 -20.250000	  -32.250000	
 -20.250000	  -31.750000	
 -20.250000	  -31.250000	
 -20.250000	  -30.750000	
 -20.250000	  -30.250000	
 -20.250000	  -29.750000	
 -20.250000	  -29.250000	
 -20.250000	  -28.750000	
 -20.250000	  -28.250000	
 -20.250000	  -27.750000	
 -20.250000	  -27.250000	
 -20.250000	  -26.750000	
 -20.250000	  -26.250000	
 -20.250000	  -25.750000	
 -20.250000	  -25.250000	
 -20.250000	  -24.750000	
 -20.250000	  -24.250000	
 -20.250000	  -23.750000	
 -20.250000	  -23.250000	
 -20.250000	  -22.750000	
 -20.250000	  -22.250000	
 -20.250000	  -21.750000	
 -20.250000	  -21.250000	
 -20.250000	  -20.750000	
 -20.250000	  -20.250000	
 -19.750000	  -40.750000	
 -19.750000	  -40.250000	
 -19.750000	  -39.750000	
 -19.750000	  -39.250000	
 -19.750000	  -38.750000	
 -19.750000	  -38.250000	
 -19.750000	  -37.750000	
 -19.750000	  -37.250000	
 -19.750000	  -36.750000	
 -19.750000	  -36.250000	
 -19.750000	  -35.750000	
 -19.750000	  -35.250000	
 -19.750000	  -34.750000	
 -19.750000	  -34.250000	
 -19.750000	  -33.750000	
 -19.750000	  -33.250000	
 -19.750000	  -32.750000	
 -19.750000	  -32.250000	
 -19.750000	  -31.750000	
 -19.750000	  -31.250000	
 -19.750000	  -30.750000	
 -19.750000	  -30.250000	
 -19.750000	  -29.750000	
 -19.750000	  -29.250000	
 -19.750000	  -28.750000	
 -19.750000	  -28.250000	
 -19.750000	  -27.750000	
 -19.750000	  -27.250000	
 -19.750000	  -26.750000	
 -19.750000	  -26.250000	
 -19.750000	  -25.750000	
 -19.750000	  -25.250000	
 -19.750000	  -24.750000	
 -19.750000	  -24.250000	
 -19.750000	  -23.750000	
 -19.750000	  -23.250000	
 -19.750000	  -22.750000	
 -19.750000	  -22.250000	
 -19.750000	  -21.750000	
 -19.750000	  -21.250000	
 -19.250000	  -40.250000	
 -19.250000	  -39.750000	
 -19.250000	  -39.250000	
 -19.250000	  -38.750000	
 -19.250000	  -38.250000	
 -19.250000	  -37.750000	
 -19.250000	  -37.250000	
 -19.250000	  -36.750000	
 -19.250000	  -36.250000	
 -19.250000	  -35.750000	
 -19.250000	  -35.250000	
 -19.250000	  -34.750000	
 -19.250000	  -34.250000	
 -19.250000	  -33.750000	
 -19.250000	  -33.250000	
 -19.250000	  -32.750000	
 -19.250000	  -32.250000	
 -19.250000	  -31.750000	
 -19.250000	  -31.250000	
 -19.250000	  -30.750000	
 -19.250000	  -30.250000	
 -19.250000	  -29.750000	
 -19.250000	  -29.250000	
 -19.250000	  -28.750000	
 -19.250000	  -28.250000	
 -19.250000	  -27.750000	
 -19.250000	  -27.250000	
 -19.250000	  -26.750000	
 -19.250000	  -26.250000	
 -19.250000	  -25.750000	
 -19.250000	  -25.250000	
 -19.250000	  -24.750000	
 -19.250000	  -24.250000	
 -19.250000	  -23.750000	
 -19.250000	  -23.250000	
 -19.250000	  -22.750000	
 -19.250000	  -22.250000	
 -18.750000	  -38.750000	
 -18.750000	  -38.250000	
 -18.750000	  -37.750000	
 -18.750000	  -37.250000	
 -18.750000	  -36.750000	
 -18.750000	  -36.250000	
 -18.750000	  -35.750000	
 -18.750000	  -35.250000	
 -18.750000	  -34.750000	
 -18.750000	  -34.250000	
 -18.750000	  -33.750000	
 -18.750000	  -33.250000	
 -18.750000	  -32.750000	
 -18.750000	  -32.250000	
 -18.750000	  -31.750000	
 -18.750000	  -31.250000	
 -18.750000	  -30.750000	
 -18.750000	  -30.250000	
 -18.750000	  -29.750000	
 -18.750000	  -29.250000	
 -18.750000	  -28.750000	
 -18.750000	  -28.250000	
 -18.750000	  -27.750000	
 -18.750000	  -27.250000	
 -18.750000	  -26.750000	
 -18.750000	  -26.250000	
 -18.750000	  -25.750000	
 -18.750000	  -25.250000	
 -18.750000	  -24.750000	
 -18.750000	  -24.250000	
 -18.250000	  -37.250000	
 -18.250000	  -36.750000	
 -18.250000	  -36.250000	
 -18.250000	  -35.750000	
 -18.250000	  -35.250000	
 -18.250000	  -34.750000	
 -18.250000	  -34.250000	
 -18.250000	  -33.750000	
 -18.250000	  -33.250000	
 -18.250000	  -32.750000	
 -18.250000	  -32.250000	
 -18.250000	  -31.750000	
 -18.250000	  -31.250000	
 -18.250000	  -30.750000	
 -18.250000	  -30.250000	
 -18.250000	  -29.750000	
 -18.250000	  -29.250000	
 -18.250000	  -28.750000	
 -18.250000	  -28.250000	
 -18.250000	  -27.750000	
 -18.250000	  -27.250000	
 -17.750000	  -35.750000	
 -17.750000	  -35.250000	
 -17.750000	  -34.750000	
 -17.750000	  -34.250000	
 -17.750000	  -33.750000	
 -17.750000	  -33.250000	
 -17.750000	  -32.750000	
 -17.750000	  -32.250000	
 -17.750000	  -31.750000	
 -17.750000	  -31.250000	
 -17.750000	  -30.750000	
 -17.750000	  -30.250000	
 -17.750000	  -29.750000	
