 -159.750000	  -46.250000	
 -159.250000	  -46.750000	
 -159.250000	  -46.250000	
 -159.250000	  -45.750000	
 -159.250000	  -45.250000	
 -159.250000	  -44.750000	
 -159.250000	  -44.250000	
 -159.250000	  -43.750000	
 -159.250000	  -43.250000	
 -158.750000	  -47.250000	
 -158.750000	  -46.750000	
 -158.750000	  -46.250000	
 -158.750000	  -45.750000	
 -158.750000	  -45.250000	
 -158.750000	  -44.750000	
 -158.750000	  -44.250000	
 -158.750000	  -43.750000	
 -158.750000	  -43.250000	
 -158.750000	  -42.750000	
 -158.250000	  -47.250000	
 -158.250000	  -46.750000	
 -158.250000	  -46.250000	
 -158.250000	  -45.750000	
 -158.250000	  -45.250000	
 -158.250000	  -44.750000	
 -158.250000	  -44.250000	
 -158.250000	  -43.750000	
 -158.250000	  -43.250000	
 -158.250000	  -42.750000	
 -158.250000	  -42.250000	
 -157.750000	  -47.750000	
 -157.750000	  -47.250000	
 -157.750000	  -46.750000	
 -157.750000	  -46.250000	
 -157.750000	  -45.750000	
 -157.750000	  -45.250000	
 -157.750000	  -44.750000	
 -157.750000	  -44.250000	
 -157.750000	  -43.750000	
 -157.750000	  -43.250000	
 -157.750000	  -42.750000	
 -157.750000	  -42.250000	
 -157.750000	  -41.750000	
 -157.250000	  -48.250000	
 -157.250000	  -47.750000	
 -157.250000	  -47.250000	
 -157.250000	  -46.750000	
 -157.250000	  -46.250000	
 -157.250000	  -45.750000	
 -157.250000	  -45.250000	
 -157.250000	  -44.750000	
 -157.250000	  -44.250000	
 -157.250000	  -43.750000	
 -157.250000	  -43.250000	
 -157.250000	  -42.750000	
 -157.250000	  -42.250000	
 -157.250000	  -41.750000	
 -157.250000	  -41.250000	
 -156.750000	  -48.250000	
 -156.750000	  -47.750000	
 -156.750000	  -47.250000	
 -156.750000	  -46.750000	
 -156.750000	  -46.250000	
 -156.750000	  -45.750000	
 -156.750000	  -45.250000	
 -156.750000	  -44.750000	
 -156.750000	  -44.250000	
 -156.750000	  -43.750000	
 -156.750000	  -43.250000	
 -156.750000	  -42.750000	
 -156.750000	  -42.250000	
 -156.750000	  -41.750000	
 -156.750000	  -41.250000	
 -156.750000	  -40.750000	
 -156.250000	  -48.750000	
 -156.250000	  -48.250000	
 -156.250000	  -47.750000	
 -156.250000	  -47.250000	
 -156.250000	  -46.750000	
 -156.250000	  -46.250000	
 -156.250000	  -45.750000	
 -156.250000	  -45.250000	
 -156.250000	  -44.750000	
 -156.250000	  -44.250000	
 -156.250000	  -43.750000	
 -156.250000	  -43.250000	
 -156.250000	  -42.750000	
 -156.250000	  -42.250000	
 -156.250000	  -41.750000	
 -156.250000	  -41.250000	
 -156.250000	  -40.750000	
 -155.750000	  -48.750000	
 -155.750000	  -48.250000	
 -155.750000	  -47.750000	
 -155.750000	  -47.250000	
 -155.750000	  -46.750000	
 -155.750000	  -46.250000	
 -155.750000	  -45.750000	
 -155.750000	  -45.250000	
 -155.750000	  -44.750000	
 -155.750000	  -44.250000	
 -155.750000	  -43.750000	
 -155.750000	  -43.250000	
 -155.750000	  -42.750000	
 -155.750000	  -42.250000	
 -155.750000	  -41.750000	
 -155.750000	  -41.250000	
 -155.750000	  -40.750000	
 -155.750000	  -40.250000	
 -155.250000	  -49.250000	
 -155.250000	  -48.750000	
 -155.250000	  -48.250000	
 -155.250000	  -47.750000	
 -155.250000	  -47.250000	
 -155.250000	  -46.750000	
 -155.250000	  -46.250000	
 -155.250000	  -45.750000	
 -155.250000	  -45.250000	
 -155.250000	  -44.750000	
 -155.250000	  -44.250000	
 -155.250000	  -43.750000	
 -155.250000	  -43.250000	
 -155.250000	  -42.750000	
 -155.250000	  -42.250000	
 -155.250000	  -41.750000	
 -155.250000	  -41.250000	
 -155.250000	  -40.750000	
 -155.250000	  -40.250000	
 -154.750000	  -49.750000	
 -154.750000	  -49.250000	
 -154.750000	  -48.750000	
 -154.750000	  -48.250000	
 -154.750000	  -47.750000	
 -154.750000	  -47.250000	
 -154.750000	  -46.750000	
 -154.750000	  -46.250000	
 -154.750000	  -45.750000	
 -154.750000	  -45.250000	
 -154.750000	  -44.750000	
 -154.750000	  -44.250000	
 -154.750000	  -43.750000	
 -154.750000	  -43.250000	
 -154.750000	  -42.750000	
 -154.750000	  -42.250000	
 -154.750000	  -41.750000	
 -154.750000	  -41.250000	
 -154.750000	  -40.750000	
 -154.750000	  -40.250000	
 -154.250000	  -49.750000	
 -154.250000	  -49.250000	
 -154.250000	  -48.750000	
 -154.250000	  -48.250000	
 -154.250000	  -47.750000	
 -154.250000	  -47.250000	
 -154.250000	  -46.750000	
 -154.250000	  -46.250000	
 -154.250000	  -45.750000	
 -154.250000	  -45.250000	
 -154.250000	  -44.750000	
 -154.250000	  -44.250000	
 -154.250000	  -43.750000	
 -154.250000	  -43.250000	
 -154.250000	  -42.750000	
 -154.250000	  -42.250000	
 -154.250000	  -41.750000	
 -154.250000	  -41.250000	
 -154.250000	  -40.750000	
 -154.250000	  -40.250000	
 -154.250000	  -39.750000	
 -153.750000	  -49.750000	
 -153.750000	  -49.250000	
 -153.750000	  -48.750000	
 -153.750000	  -48.250000	
 -153.750000	  -47.750000	
 -153.750000	  -47.250000	
 -153.750000	  -46.750000	
 -153.750000	  -46.250000	
 -153.750000	  -45.750000	
 -153.750000	  -45.250000	
 -153.750000	  -44.750000	
 -153.750000	  -44.250000	
 -153.750000	  -43.750000	
 -153.750000	  -43.250000	
 -153.750000	  -42.750000	
 -153.750000	  -42.250000	
 -153.750000	  -41.750000	
 -153.750000	  -41.250000	
 -153.750000	  -40.750000	
 -153.750000	  -40.250000	
 -153.750000	  -39.750000	
 -153.250000	  -49.750000	
 -153.250000	  -49.250000	
 -153.250000	  -48.750000	
 -153.250000	  -48.250000	
 -153.250000	  -47.750000	
 -153.250000	  -47.250000	
 -153.250000	  -46.750000	
 -153.250000	  -46.250000	
 -153.250000	  -45.750000	
 -153.250000	  -45.250000	
 -153.250000	  -44.750000	
 -153.250000	  -44.250000	
 -153.250000	  -43.750000	
 -153.250000	  -43.250000	
 -153.250000	  -42.750000	
 -153.250000	  -42.250000	
 -153.250000	  -41.750000	
 -153.250000	  -41.250000	
 -153.250000	  -40.750000	
 -153.250000	  -40.250000	
 -153.250000	  -39.750000	
 -152.750000	  -50.250000	
 -152.750000	  -49.750000	
 -152.750000	  -49.250000	
 -152.750000	  -48.750000	
 -152.750000	  -48.250000	
 -152.750000	  -47.750000	
 -152.750000	  -47.250000	
 -152.750000	  -46.750000	
 -152.750000	  -46.250000	
 -152.750000	  -45.750000	
 -152.750000	  -45.250000	
 -152.750000	  -44.750000	
 -152.750000	  -44.250000	
 -152.750000	  -43.750000	
 -152.750000	  -43.250000	
 -152.750000	  -42.750000	
 -152.750000	  -42.250000	
 -152.750000	  -41.750000	
 -152.750000	  -41.250000	
 -152.750000	  -40.750000	
 -152.750000	  -40.250000	
 -152.750000	  -39.750000	
 -152.250000	  -50.250000	
 -152.250000	  -49.750000	
 -152.250000	  -49.250000	
 -152.250000	  -48.750000	
 -152.250000	  -48.250000	
 -152.250000	  -47.750000	
 -152.250000	  -47.250000	
 -152.250000	  -46.750000	
 -152.250000	  -46.250000	
 -152.250000	  -45.750000	
 -152.250000	  -45.250000	
 -152.250000	  -44.750000	
 -152.250000	  -44.250000	
 -152.250000	  -43.750000	
 -152.250000	  -43.250000	
 -152.250000	  -42.750000	
 -152.250000	  -42.250000	
 -152.250000	  -41.750000	
 -152.250000	  -41.250000	
 -152.250000	  -40.750000	
 -152.250000	  -40.250000	
 -152.250000	  -39.750000	
 -151.750000	  -50.250000	
 -151.750000	  -49.750000	
 -151.750000	  -49.250000	
 -151.750000	  -48.750000	
 -151.750000	  -48.250000	
 -151.750000	  -47.750000	
 -151.750000	  -47.250000	
 -151.750000	  -46.750000	
 -151.750000	  -46.250000	
 -151.750000	  -45.750000	
 -151.750000	  -45.250000	
 -151.750000	  -44.750000	
 -151.750000	  -44.250000	
 -151.750000	  -43.750000	
 -151.750000	  -43.250000	
 -151.750000	  -42.750000	
 -151.750000	  -42.250000	
 -151.750000	  -41.750000	
 -151.750000	  -41.250000	
 -151.750000	  -40.750000	
 -151.750000	  -40.250000	
 -151.750000	  -39.750000	
 -151.250000	  -50.250000	
 -151.250000	  -49.750000	
 -151.250000	  -49.250000	
 -151.250000	  -48.750000	
 -151.250000	  -48.250000	
 -151.250000	  -47.750000	
 -151.250000	  -47.250000	
 -151.250000	  -46.750000	
 -151.250000	  -46.250000	
 -151.250000	  -45.750000	
 -151.250000	  -45.250000	
 -151.250000	  -44.750000	
 -151.250000	  -44.250000	
 -151.250000	  -43.750000	
 -151.250000	  -43.250000	
 -151.250000	  -42.750000	
 -151.250000	  -42.250000	
 -151.250000	  -41.750000	
 -151.250000	  -41.250000	
 -151.250000	  -40.750000	
 -151.250000	  -40.250000	
 -151.250000	  -39.750000	
 -150.750000	  -50.750000	
 -150.750000	  -50.250000	
 -150.750000	  -49.750000	
 -150.750000	  -49.250000	
 -150.750000	  -48.750000	
 -150.750000	  -48.250000	
 -150.750000	  -47.750000	
 -150.750000	  -47.250000	
 -150.750000	  -46.750000	
 -150.750000	  -46.250000	
 -150.750000	  -45.750000	
 -150.750000	  -45.250000	
 -150.750000	  -44.750000	
 -150.750000	  -44.250000	
 -150.750000	  -43.750000	
 -150.750000	  -43.250000	
 -150.750000	  -42.750000	
 -150.750000	  -42.250000	
 -150.750000	  -41.750000	
 -150.750000	  -41.250000	
 -150.750000	  -40.750000	
 -150.750000	  -40.250000	
 -150.750000	  -39.750000	
 -150.250000	  -50.750000	
 -150.250000	  -50.250000	
 -150.250000	  -49.750000	
 -150.250000	  -49.250000	
 -150.250000	  -48.750000	
 -150.250000	  -48.250000	
 -150.250000	  -47.750000	
 -150.250000	  -47.250000	
 -150.250000	  -46.750000	
 -150.250000	  -46.250000	
 -150.250000	  -45.750000	
 -150.250000	  -45.250000	
 -150.250000	  -44.750000	
 -150.250000	  -44.250000	
 -150.250000	  -43.750000	
 -150.250000	  -43.250000	
 -150.250000	  -42.750000	
 -150.250000	  -42.250000	
 -150.250000	  -41.750000	
 -150.250000	  -41.250000	
 -150.250000	  -40.750000	
 -150.250000	  -40.250000	
 -150.250000	  -39.750000	
 -149.750000	  -50.750000	
 -149.750000	  -50.250000	
 -149.750000	  -49.750000	
 -149.750000	  -49.250000	
 -149.750000	  -48.750000	
 -149.750000	  -48.250000	
 -149.750000	  -47.750000	
 -149.750000	  -47.250000	
 -149.750000	  -46.750000	
 -149.750000	  -46.250000	
 -149.750000	  -45.750000	
 -149.750000	  -45.250000	
 -149.750000	  -44.750000	
 -149.750000	  -44.250000	
 -149.750000	  -43.750000	
 -149.750000	  -43.250000	
 -149.750000	  -42.750000	
 -149.750000	  -42.250000	
 -149.750000	  -41.750000	
 -149.750000	  -41.250000	
 -149.750000	  -40.750000	
 -149.750000	  -40.250000	
 -149.750000	  -39.750000	
 -149.250000	  -50.750000	
 -149.250000	  -50.250000	
 -149.250000	  -49.750000	
 -149.250000	  -49.250000	
 -149.250000	  -48.750000	
 -149.250000	  -48.250000	
 -149.250000	  -47.750000	
 -149.250000	  -47.250000	
 -149.250000	  -46.750000	
 -149.250000	  -46.250000	
 -149.250000	  -45.750000	
 -149.250000	  -45.250000	
 -149.250000	  -44.750000	
 -149.250000	  -44.250000	
 -149.250000	  -43.750000	
 -149.250000	  -43.250000	
 -149.250000	  -42.750000	
 -149.250000	  -42.250000	
 -149.250000	  -41.750000	
 -149.250000	  -41.250000	
 -149.250000	  -40.750000	
 -149.250000	  -40.250000	
 -149.250000	  -39.750000	
 -148.750000	  -51.250000	
 -148.750000	  -50.750000	
 -148.750000	  -50.250000	
 -148.750000	  -49.750000	
 -148.750000	  -49.250000	
 -148.750000	  -48.750000	
 -148.750000	  -48.250000	
 -148.750000	  -47.750000	
 -148.750000	  -47.250000	
 -148.750000	  -46.750000	
 -148.750000	  -46.250000	
 -148.750000	  -45.750000	
 -148.750000	  -45.250000	
 -148.750000	  -44.750000	
 -148.750000	  -44.250000	
 -148.750000	  -43.750000	
 -148.750000	  -43.250000	
 -148.750000	  -42.750000	
 -148.750000	  -42.250000	
 -148.750000	  -41.750000	
 -148.750000	  -41.250000	
 -148.750000	  -40.750000	
 -148.750000	  -40.250000	
 -148.750000	  -39.750000	
 -148.250000	  -51.250000	
 -148.250000	  -50.750000	
 -148.250000	  -50.250000	
 -148.250000	  -49.750000	
 -148.250000	  -49.250000	
 -148.250000	  -48.750000	
 -148.250000	  -48.250000	
 -148.250000	  -47.750000	
 -148.250000	  -47.250000	
 -148.250000	  -46.750000	
 -148.250000	  -46.250000	
 -148.250000	  -45.750000	
 -148.250000	  -45.250000	
 -148.250000	  -44.750000	
 -148.250000	  -44.250000	
 -148.250000	  -43.750000	
 -148.250000	  -43.250000	
 -148.250000	  -42.750000	
 -148.250000	  -42.250000	
 -148.250000	  -41.750000	
 -148.250000	  -41.250000	
 -148.250000	  -40.750000	
 -148.250000	  -40.250000	
 -148.250000	  -39.750000	
 -147.750000	  -51.250000	
 -147.750000	  -50.750000	
 -147.750000	  -50.250000	
 -147.750000	  -49.750000	
 -147.750000	  -49.250000	
 -147.750000	  -48.750000	
 -147.750000	  -48.250000	
 -147.750000	  -47.750000	
 -147.750000	  -47.250000	
 -147.750000	  -46.750000	
 -147.750000	  -46.250000	
 -147.750000	  -45.750000	
 -147.750000	  -45.250000	
 -147.750000	  -44.750000	
 -147.750000	  -44.250000	
 -147.750000	  -43.750000	
 -147.750000	  -43.250000	
 -147.750000	  -42.750000	
 -147.750000	  -42.250000	
 -147.750000	  -41.750000	
 -147.750000	  -41.250000	
 -147.750000	  -40.750000	
 -147.750000	  -40.250000	
 -147.750000	  -39.750000	
 -147.250000	  -51.250000	
 -147.250000	  -50.750000	
 -147.250000	  -50.250000	
 -147.250000	  -49.750000	
 -147.250000	  -49.250000	
 -147.250000	  -48.750000	
 -147.250000	  -48.250000	
 -147.250000	  -47.750000	
 -147.250000	  -47.250000	
 -147.250000	  -46.750000	
 -147.250000	  -46.250000	
 -147.250000	  -45.750000	
 -147.250000	  -45.250000	
 -147.250000	  -44.750000	
 -147.250000	  -44.250000	
 -147.250000	  -43.750000	
 -147.250000	  -43.250000	
 -147.250000	  -42.750000	
 -147.250000	  -42.250000	
 -147.250000	  -41.750000	
 -147.250000	  -41.250000	
 -147.250000	  -40.750000	
 -147.250000	  -40.250000	
 -147.250000	  -39.750000	
 -146.750000	  -51.750000	
 -146.750000	  -51.250000	
 -146.750000	  -50.750000	
 -146.750000	  -50.250000	
 -146.750000	  -49.750000	
 -146.750000	  -49.250000	
 -146.750000	  -48.750000	
 -146.750000	  -48.250000	
 -146.750000	  -47.750000	
 -146.750000	  -47.250000	
 -146.750000	  -46.750000	
 -146.750000	  -46.250000	
 -146.750000	  -45.750000	
 -146.750000	  -45.250000	
 -146.750000	  -44.750000	
 -146.750000	  -44.250000	
 -146.750000	  -43.750000	
 -146.750000	  -43.250000	
 -146.750000	  -42.750000	
 -146.750000	  -42.250000	
 -146.750000	  -41.750000	
 -146.750000	  -41.250000	
 -146.750000	  -40.750000	
 -146.750000	  -40.250000	
 -146.750000	  -39.750000	
 -146.250000	  -51.750000	
 -146.250000	  -51.250000	
 -146.250000	  -50.750000	
 -146.250000	  -50.250000	
 -146.250000	  -49.750000	
 -146.250000	  -49.250000	
 -146.250000	  -48.750000	
 -146.250000	  -48.250000	
 -146.250000	  -47.750000	
 -146.250000	  -47.250000	
 -146.250000	  -46.750000	
 -146.250000	  -46.250000	
 -146.250000	  -45.750000	
 -146.250000	  -45.250000	
 -146.250000	  -44.750000	
 -146.250000	  -44.250000	
 -146.250000	  -43.750000	
 -146.250000	  -43.250000	
 -146.250000	  -42.750000	
 -146.250000	  -42.250000	
 -146.250000	  -41.750000	
 -146.250000	  -41.250000	
 -146.250000	  -40.750000	
 -146.250000	  -40.250000	
 -146.250000	  -39.750000	
 -145.750000	  -51.750000	
 -145.750000	  -51.250000	
 -145.750000	  -50.750000	
 -145.750000	  -50.250000	
 -145.750000	  -49.750000	
 -145.750000	  -49.250000	
 -145.750000	  -48.750000	
 -145.750000	  -48.250000	
 -145.750000	  -47.750000	
 -145.750000	  -47.250000	
 -145.750000	  -46.750000	
 -145.750000	  -46.250000	
 -145.750000	  -45.750000	
 -145.750000	  -45.250000	
 -145.750000	  -44.750000	
 -145.750000	  -44.250000	
 -145.750000	  -43.750000	
 -145.750000	  -43.250000	
 -145.750000	  -42.750000	
 -145.750000	  -42.250000	
 -145.750000	  -41.750000	
 -145.750000	  -41.250000	
 -145.750000	  -40.750000	
 -145.750000	  -40.250000	
 -145.750000	  -39.750000	
 -145.250000	  -51.750000	
 -145.250000	  -51.250000	
 -145.250000	  -50.750000	
 -145.250000	  -50.250000	
 -145.250000	  -49.750000	
 -145.250000	  -49.250000	
 -145.250000	  -48.750000	
 -145.250000	  -48.250000	
 -145.250000	  -47.750000	
 -145.250000	  -47.250000	
 -145.250000	  -46.750000	
 -145.250000	  -46.250000	
 -145.250000	  -45.750000	
 -145.250000	  -45.250000	
 -145.250000	  -44.750000	
 -145.250000	  -44.250000	
 -145.250000	  -43.750000	
 -145.250000	  -43.250000	
 -145.250000	  -42.750000	
 -145.250000	  -42.250000	
 -145.250000	  -41.750000	
 -145.250000	  -41.250000	
 -145.250000	  -40.750000	
 -145.250000	  -40.250000	
 -145.250000	  -39.750000	
 -144.750000	  -51.750000	
 -144.750000	  -51.250000	
 -144.750000	  -50.750000	
 -144.750000	  -50.250000	
 -144.750000	  -49.750000	
 -144.750000	  -49.250000	
 -144.750000	  -48.750000	
 -144.750000	  -48.250000	
 -144.750000	  -47.750000	
 -144.750000	  -47.250000	
 -144.750000	  -46.750000	
 -144.750000	  -46.250000	
 -144.750000	  -45.750000	
 -144.750000	  -45.250000	
 -144.750000	  -44.750000	
 -144.750000	  -44.250000	
 -144.750000	  -43.750000	
 -144.750000	  -43.250000	
 -144.750000	  -42.750000	
 -144.750000	  -42.250000	
 -144.750000	  -41.750000	
 -144.750000	  -41.250000	
 -144.750000	  -40.750000	
 -144.750000	  -40.250000	
 -144.750000	  -39.750000	
 -144.250000	  -51.750000	
 -144.250000	  -51.250000	
 -144.250000	  -50.750000	
 -144.250000	  -50.250000	
 -144.250000	  -49.750000	
 -144.250000	  -49.250000	
 -144.250000	  -48.750000	
 -144.250000	  -48.250000	
 -144.250000	  -47.750000	
 -144.250000	  -47.250000	
 -144.250000	  -46.750000	
 -144.250000	  -46.250000	
 -144.250000	  -45.750000	
 -144.250000	  -45.250000	
 -144.250000	  -44.750000	
 -144.250000	  -44.250000	
 -144.250000	  -43.750000	
 -144.250000	  -43.250000	
 -144.250000	  -42.750000	
 -144.250000	  -42.250000	
 -144.250000	  -41.750000	
 -144.250000	  -41.250000	
 -144.250000	  -40.750000	
 -144.250000	  -40.250000	
 -144.250000	  -39.750000	
 -143.750000	  -52.250000	
 -143.750000	  -51.750000	
 -143.750000	  -51.250000	
 -143.750000	  -50.750000	
 -143.750000	  -50.250000	
 -143.750000	  -49.750000	
 -143.750000	  -49.250000	
 -143.750000	  -48.750000	
 -143.750000	  -48.250000	
 -143.750000	  -47.750000	
 -143.750000	  -47.250000	
 -143.750000	  -46.750000	
 -143.750000	  -46.250000	
 -143.750000	  -45.750000	
 -143.750000	  -45.250000	
 -143.750000	  -44.750000	
 -143.750000	  -44.250000	
 -143.750000	  -43.750000	
 -143.750000	  -43.250000	
 -143.750000	  -42.750000	
 -143.750000	  -42.250000	
 -143.750000	  -41.750000	
 -143.750000	  -41.250000	
 -143.750000	  -40.750000	
 -143.750000	  -40.250000	
 -143.750000	  -39.750000	
 -143.250000	  -52.250000	
 -143.250000	  -51.750000	
 -143.250000	  -51.250000	
 -143.250000	  -50.750000	
 -143.250000	  -50.250000	
 -143.250000	  -49.750000	
 -143.250000	  -49.250000	
 -143.250000	  -48.750000	
 -143.250000	  -48.250000	
 -143.250000	  -47.750000	
 -143.250000	  -47.250000	
 -143.250000	  -46.750000	
 -143.250000	  -46.250000	
 -143.250000	  -45.750000	
 -143.250000	  -45.250000	
 -143.250000	  -44.750000	
 -143.250000	  -44.250000	
 -143.250000	  -43.750000	
 -143.250000	  -43.250000	
 -143.250000	  -42.750000	
 -143.250000	  -42.250000	
 -143.250000	  -41.750000	
 -143.250000	  -41.250000	
 -143.250000	  -40.750000	
 -143.250000	  -40.250000	
 -143.250000	  -39.750000	
 -142.750000	  -52.250000	
 -142.750000	  -51.750000	
 -142.750000	  -51.250000	
 -142.750000	  -50.750000	
 -142.750000	  -50.250000	
 -142.750000	  -49.750000	
 -142.750000	  -49.250000	
 -142.750000	  -48.750000	
 -142.750000	  -48.250000	
 -142.750000	  -47.750000	
 -142.750000	  -47.250000	
 -142.750000	  -46.750000	
 -142.750000	  -46.250000	
 -142.750000	  -45.750000	
 -142.750000	  -45.250000	
 -142.750000	  -44.750000	
 -142.750000	  -44.250000	
 -142.750000	  -43.750000	
 -142.750000	  -43.250000	
 -142.750000	  -42.750000	
 -142.750000	  -42.250000	
 -142.750000	  -41.750000	
 -142.750000	  -41.250000	
 -142.750000	  -40.750000	
 -142.750000	  -40.250000	
 -142.750000	  -39.750000	
 -142.250000	  -52.250000	
 -142.250000	  -51.750000	
 -142.250000	  -51.250000	
 -142.250000	  -50.750000	
 -142.250000	  -50.250000	
 -142.250000	  -49.750000	
 -142.250000	  -49.250000	
 -142.250000	  -48.750000	
 -142.250000	  -48.250000	
 -142.250000	  -47.750000	
 -142.250000	  -47.250000	
 -142.250000	  -46.750000	
 -142.250000	  -46.250000	
 -142.250000	  -45.750000	
 -142.250000	  -45.250000	
 -142.250000	  -44.750000	
 -142.250000	  -44.250000	
 -142.250000	  -43.750000	
 -142.250000	  -43.250000	
 -142.250000	  -42.750000	
 -142.250000	  -42.250000	
 -142.250000	  -41.750000	
 -142.250000	  -41.250000	
 -142.250000	  -40.750000	
 -142.250000	  -40.250000	
 -142.250000	  -39.750000	
 -141.750000	  -52.250000	
 -141.750000	  -51.750000	
 -141.750000	  -51.250000	
 -141.750000	  -50.750000	
 -141.750000	  -50.250000	
 -141.750000	  -49.750000	
 -141.750000	  -49.250000	
 -141.750000	  -48.750000	
 -141.750000	  -48.250000	
 -141.750000	  -47.750000	
 -141.750000	  -47.250000	
 -141.750000	  -46.750000	
 -141.750000	  -46.250000	
 -141.750000	  -45.750000	
 -141.750000	  -45.250000	
 -141.750000	  -44.750000	
 -141.750000	  -44.250000	
 -141.750000	  -43.750000	
 -141.750000	  -43.250000	
 -141.750000	  -42.750000	
 -141.750000	  -42.250000	
 -141.750000	  -41.750000	
 -141.750000	  -41.250000	
 -141.750000	  -40.750000	
 -141.750000	  -40.250000	
 -141.750000	  -39.750000	
 -141.250000	  -52.250000	
 -141.250000	  -51.750000	
 -141.250000	  -51.250000	
 -141.250000	  -50.750000	
 -141.250000	  -50.250000	
 -141.250000	  -49.750000	
 -141.250000	  -49.250000	
 -141.250000	  -48.750000	
 -141.250000	  -48.250000	
 -141.250000	  -47.750000	
 -141.250000	  -47.250000	
 -141.250000	  -46.750000	
 -141.250000	  -46.250000	
 -141.250000	  -45.750000	
 -141.250000	  -45.250000	
 -141.250000	  -44.750000	
 -141.250000	  -44.250000	
 -141.250000	  -43.750000	
 -141.250000	  -43.250000	
 -141.250000	  -42.750000	
 -141.250000	  -42.250000	
 -141.250000	  -41.750000	
 -141.250000	  -41.250000	
 -141.250000	  -40.750000	
 -141.250000	  -40.250000	
 -141.250000	  -39.750000	
 -140.750000	  -52.250000	
 -140.750000	  -51.750000	
 -140.750000	  -51.250000	
 -140.750000	  -50.750000	
 -140.750000	  -50.250000	
 -140.750000	  -49.750000	
 -140.750000	  -49.250000	
 -140.750000	  -48.750000	
 -140.750000	  -48.250000	
 -140.750000	  -47.750000	
 -140.750000	  -47.250000	
 -140.750000	  -46.750000	
 -140.750000	  -46.250000	
 -140.750000	  -45.750000	
 -140.750000	  -45.250000	
 -140.750000	  -44.750000	
 -140.750000	  -44.250000	
 -140.750000	  -43.750000	
 -140.750000	  -43.250000	
 -140.750000	  -42.750000	
 -140.750000	  -42.250000	
 -140.750000	  -41.750000	
 -140.750000	  -41.250000	
 -140.750000	  -40.750000	
 -140.750000	  -40.250000	
 -140.750000	  -39.750000	
 -140.250000	  -52.250000	
 -140.250000	  -51.750000	
 -140.250000	  -51.250000	
 -140.250000	  -50.750000	
 -140.250000	  -50.250000	
 -140.250000	  -49.750000	
 -140.250000	  -49.250000	
 -140.250000	  -48.750000	
 -140.250000	  -48.250000	
 -140.250000	  -47.750000	
 -140.250000	  -47.250000	
 -140.250000	  -46.750000	
 -140.250000	  -46.250000	
 -140.250000	  -45.750000	
 -140.250000	  -45.250000	
 -140.250000	  -44.750000	
 -140.250000	  -44.250000	
 -140.250000	  -43.750000	
 -140.250000	  -43.250000	
 -140.250000	  -42.750000	
 -140.250000	  -42.250000	
 -140.250000	  -41.750000	
 -140.250000	  -41.250000	
 -140.250000	  -40.750000	
 -140.250000	  -40.250000	
 -140.250000	  -39.750000	
 -139.750000	  -52.750000	
 -139.750000	  -52.250000	
 -139.750000	  -51.750000	
 -139.750000	  -51.250000	
 -139.750000	  -50.750000	
 -139.750000	  -50.250000	
 -139.750000	  -49.750000	
 -139.750000	  -49.250000	
 -139.750000	  -48.750000	
 -139.750000	  -48.250000	
 -139.750000	  -47.750000	
 -139.750000	  -47.250000	
 -139.750000	  -46.750000	
 -139.750000	  -46.250000	
 -139.750000	  -45.750000	
 -139.750000	  -45.250000	
 -139.750000	  -44.750000	
 -139.750000	  -44.250000	
 -139.750000	  -43.750000	
 -139.750000	  -43.250000	
 -139.750000	  -42.750000	
 -139.750000	  -42.250000	
 -139.750000	  -41.750000	
 -139.750000	  -41.250000	
 -139.750000	  -40.750000	
 -139.750000	  -40.250000	
 -139.750000	  -39.750000	
 -139.250000	  -52.750000	
 -139.250000	  -52.250000	
 -139.250000	  -51.750000	
 -139.250000	  -51.250000	
 -139.250000	  -50.750000	
 -139.250000	  -50.250000	
 -139.250000	  -49.750000	
 -139.250000	  -49.250000	
 -139.250000	  -48.750000	
 -139.250000	  -48.250000	
 -139.250000	  -47.750000	
 -139.250000	  -47.250000	
 -139.250000	  -46.750000	
 -139.250000	  -46.250000	
 -139.250000	  -45.750000	
 -139.250000	  -45.250000	
 -139.250000	  -44.750000	
 -139.250000	  -44.250000	
 -139.250000	  -43.750000	
 -139.250000	  -43.250000	
 -139.250000	  -42.750000	
 -139.250000	  -42.250000	
 -139.250000	  -41.750000	
 -139.250000	  -41.250000	
 -139.250000	  -40.750000	
 -139.250000	  -40.250000	
 -139.250000	  -39.750000	
 -138.750000	  -52.750000	
 -138.750000	  -52.250000	
 -138.750000	  -51.750000	
 -138.750000	  -51.250000	
 -138.750000	  -50.750000	
 -138.750000	  -50.250000	
 -138.750000	  -49.750000	
 -138.750000	  -49.250000	
 -138.750000	  -48.750000	
 -138.750000	  -48.250000	
 -138.750000	  -47.750000	
 -138.750000	  -47.250000	
 -138.750000	  -46.750000	
 -138.750000	  -46.250000	
 -138.750000	  -45.750000	
 -138.750000	  -45.250000	
 -138.750000	  -44.750000	
 -138.750000	  -44.250000	
 -138.750000	  -43.750000	
 -138.750000	  -43.250000	
 -138.750000	  -42.750000	
 -138.750000	  -42.250000	
 -138.750000	  -41.750000	
 -138.750000	  -41.250000	
 -138.750000	  -40.750000	
 -138.750000	  -40.250000	
 -138.750000	  -39.750000	
 -138.250000	  -52.750000	
 -138.250000	  -52.250000	
 -138.250000	  -51.750000	
 -138.250000	  -51.250000	
 -138.250000	  -50.750000	
 -138.250000	  -50.250000	
 -138.250000	  -49.750000	
 -138.250000	  -49.250000	
 -138.250000	  -48.750000	
 -138.250000	  -48.250000	
 -138.250000	  -47.750000	
 -138.250000	  -47.250000	
 -138.250000	  -46.750000	
 -138.250000	  -46.250000	
 -138.250000	  -45.750000	
 -138.250000	  -45.250000	
 -138.250000	  -44.750000	
 -138.250000	  -44.250000	
 -138.250000	  -43.750000	
 -138.250000	  -43.250000	
 -138.250000	  -42.750000	
 -138.250000	  -42.250000	
 -138.250000	  -41.750000	
 -138.250000	  -41.250000	
 -138.250000	  -40.750000	
 -138.250000	  -40.250000	
 -137.750000	  -52.750000	
 -137.750000	  -52.250000	
 -137.750000	  -51.750000	
 -137.750000	  -51.250000	
 -137.750000	  -50.750000	
 -137.750000	  -50.250000	
 -137.750000	  -49.750000	
 -137.750000	  -49.250000	
 -137.750000	  -48.750000	
 -137.750000	  -48.250000	
 -137.750000	  -47.750000	
 -137.750000	  -47.250000	
 -137.750000	  -46.750000	
 -137.750000	  -46.250000	
 -137.750000	  -45.750000	
 -137.750000	  -45.250000	
 -137.750000	  -44.750000	
 -137.750000	  -44.250000	
 -137.750000	  -43.750000	
 -137.750000	  -43.250000	
 -137.750000	  -42.750000	
 -137.750000	  -42.250000	
 -137.750000	  -41.750000	
 -137.750000	  -41.250000	
 -137.750000	  -40.750000	
 -137.750000	  -40.250000	
 -137.250000	  -52.750000	
 -137.250000	  -52.250000	
 -137.250000	  -51.750000	
 -137.250000	  -51.250000	
 -137.250000	  -50.750000	
 -137.250000	  -50.250000	
 -137.250000	  -49.750000	
 -137.250000	  -49.250000	
 -137.250000	  -48.750000	
 -137.250000	  -48.250000	
 -137.250000	  -47.750000	
 -137.250000	  -47.250000	
 -137.250000	  -46.750000	
 -137.250000	  -46.250000	
 -137.250000	  -45.750000	
 -137.250000	  -45.250000	
 -137.250000	  -44.750000	
 -137.250000	  -44.250000	
 -137.250000	  -43.750000	
 -137.250000	  -43.250000	
 -137.250000	  -42.750000	
 -137.250000	  -42.250000	
 -137.250000	  -41.750000	
 -137.250000	  -41.250000	
 -137.250000	  -40.750000	
 -137.250000	  -40.250000	
 -136.750000	  -52.750000	
 -136.750000	  -52.250000	
 -136.750000	  -51.750000	
 -136.750000	  -51.250000	
 -136.750000	  -50.750000	
 -136.750000	  -50.250000	
 -136.750000	  -49.750000	
 -136.750000	  -49.250000	
 -136.750000	  -48.750000	
 -136.750000	  -48.250000	
 -136.750000	  -47.750000	
 -136.750000	  -47.250000	
 -136.750000	  -46.750000	
 -136.750000	  -46.250000	
 -136.750000	  -45.750000	
 -136.750000	  -45.250000	
 -136.750000	  -44.750000	
 -136.750000	  -44.250000	
 -136.750000	  -43.750000	
 -136.750000	  -43.250000	
 -136.750000	  -42.750000	
 -136.750000	  -42.250000	
 -136.750000	  -41.750000	
 -136.750000	  -41.250000	
 -136.750000	  -40.750000	
 -136.750000	  -40.250000	
 -136.250000	  -53.250000	
 -136.250000	  -52.750000	
 -136.250000	  -52.250000	
 -136.250000	  -51.750000	
 -136.250000	  -51.250000	
 -136.250000	  -50.750000	
 -136.250000	  -50.250000	
 -136.250000	  -49.750000	
 -136.250000	  -49.250000	
 -136.250000	  -48.750000	
 -136.250000	  -48.250000	
 -136.250000	  -47.750000	
 -136.250000	  -47.250000	
 -136.250000	  -46.750000	
 -136.250000	  -46.250000	
 -136.250000	  -45.750000	
 -136.250000	  -45.250000	
 -136.250000	  -44.750000	
 -136.250000	  -44.250000	
 -136.250000	  -43.750000	
 -136.250000	  -43.250000	
 -136.250000	  -42.750000	
 -136.250000	  -42.250000	
 -136.250000	  -41.750000	
 -136.250000	  -41.250000	
 -136.250000	  -40.750000	
 -136.250000	  -40.250000	
 -135.750000	  -53.250000	
 -135.750000	  -52.750000	
 -135.750000	  -52.250000	
 -135.750000	  -51.750000	
 -135.750000	  -51.250000	
 -135.750000	  -50.750000	
 -135.750000	  -50.250000	
 -135.750000	  -49.750000	
 -135.750000	  -49.250000	
 -135.750000	  -48.750000	
 -135.750000	  -48.250000	
 -135.750000	  -47.750000	
 -135.750000	  -47.250000	
 -135.750000	  -46.750000	
 -135.750000	  -46.250000	
 -135.750000	  -45.750000	
 -135.750000	  -45.250000	
 -135.750000	  -44.750000	
 -135.750000	  -44.250000	
 -135.750000	  -43.750000	
 -135.750000	  -43.250000	
 -135.750000	  -42.750000	
 -135.750000	  -42.250000	
 -135.750000	  -41.750000	
 -135.750000	  -41.250000	
 -135.750000	  -40.750000	
 -135.750000	  -40.250000	
 -135.250000	  -53.250000	
 -135.250000	  -52.750000	
 -135.250000	  -52.250000	
 -135.250000	  -51.750000	
 -135.250000	  -51.250000	
 -135.250000	  -50.750000	
 -135.250000	  -50.250000	
 -135.250000	  -49.750000	
 -135.250000	  -49.250000	
 -135.250000	  -48.750000	
 -135.250000	  -48.250000	
 -135.250000	  -47.750000	
 -135.250000	  -47.250000	
 -135.250000	  -46.750000	
 -135.250000	  -46.250000	
 -135.250000	  -45.750000	
 -135.250000	  -45.250000	
 -135.250000	  -44.750000	
 -135.250000	  -44.250000	
 -135.250000	  -43.750000	
 -135.250000	  -43.250000	
 -135.250000	  -42.750000	
 -135.250000	  -42.250000	
 -135.250000	  -41.750000	
 -135.250000	  -41.250000	
 -135.250000	  -40.750000	
 -135.250000	  -40.250000	
 -134.750000	  -53.250000	
 -134.750000	  -52.750000	
 -134.750000	  -52.250000	
 -134.750000	  -51.750000	
 -134.750000	  -51.250000	
 -134.750000	  -50.750000	
 -134.750000	  -50.250000	
 -134.750000	  -49.750000	
 -134.750000	  -49.250000	
 -134.750000	  -48.750000	
 -134.750000	  -48.250000	
 -134.750000	  -47.750000	
 -134.750000	  -47.250000	
 -134.750000	  -46.750000	
 -134.750000	  -46.250000	
 -134.750000	  -45.750000	
 -134.750000	  -45.250000	
 -134.750000	  -44.750000	
 -134.750000	  -44.250000	
 -134.750000	  -43.750000	
 -134.750000	  -43.250000	
 -134.750000	  -42.750000	
 -134.750000	  -42.250000	
 -134.750000	  -41.750000	
 -134.750000	  -41.250000	
 -134.750000	  -40.750000	
 -134.750000	  -40.250000	
 -134.250000	  -53.250000	
 -134.250000	  -52.750000	
 -134.250000	  -52.250000	
 -134.250000	  -51.750000	
 -134.250000	  -51.250000	
 -134.250000	  -50.750000	
 -134.250000	  -50.250000	
 -134.250000	  -49.750000	
 -134.250000	  -49.250000	
 -134.250000	  -48.750000	
 -134.250000	  -48.250000	
 -134.250000	  -47.750000	
 -134.250000	  -47.250000	
 -134.250000	  -46.750000	
 -134.250000	  -46.250000	
 -134.250000	  -45.750000	
 -134.250000	  -45.250000	
 -134.250000	  -44.750000	
 -134.250000	  -44.250000	
 -134.250000	  -43.750000	
 -134.250000	  -43.250000	
 -134.250000	  -42.750000	
 -134.250000	  -42.250000	
 -134.250000	  -41.750000	
 -134.250000	  -41.250000	
 -134.250000	  -40.750000	
 -134.250000	  -40.250000	
 -133.750000	  -53.250000	
 -133.750000	  -52.750000	
 -133.750000	  -52.250000	
 -133.750000	  -51.750000	
 -133.750000	  -51.250000	
 -133.750000	  -50.750000	
 -133.750000	  -50.250000	
 -133.750000	  -49.750000	
 -133.750000	  -49.250000	
 -133.750000	  -48.750000	
 -133.750000	  -48.250000	
 -133.750000	  -47.750000	
 -133.750000	  -47.250000	
 -133.750000	  -46.750000	
 -133.750000	  -46.250000	
 -133.750000	  -45.750000	
 -133.750000	  -45.250000	
 -133.750000	  -44.750000	
 -133.750000	  -44.250000	
 -133.750000	  -43.750000	
 -133.750000	  -43.250000	
 -133.750000	  -42.750000	
 -133.750000	  -42.250000	
 -133.750000	  -41.750000	
 -133.750000	  -41.250000	
 -133.750000	  -40.750000	
 -133.750000	  -40.250000	
 -133.250000	  -53.250000	
 -133.250000	  -52.750000	
 -133.250000	  -52.250000	
 -133.250000	  -51.750000	
 -133.250000	  -51.250000	
 -133.250000	  -50.750000	
 -133.250000	  -50.250000	
 -133.250000	  -49.750000	
 -133.250000	  -49.250000	
 -133.250000	  -48.750000	
 -133.250000	  -48.250000	
 -133.250000	  -47.750000	
 -133.250000	  -47.250000	
 -133.250000	  -46.750000	
 -133.250000	  -46.250000	
 -133.250000	  -45.750000	
 -133.250000	  -45.250000	
 -133.250000	  -44.750000	
 -133.250000	  -44.250000	
 -133.250000	  -43.750000	
 -133.250000	  -43.250000	
 -133.250000	  -42.750000	
 -133.250000	  -42.250000	
 -133.250000	  -41.750000	
 -133.250000	  -41.250000	
 -133.250000	  -40.750000	
 -133.250000	  -40.250000	
 -132.750000	  -53.250000	
 -132.750000	  -52.750000	
 -132.750000	  -52.250000	
 -132.750000	  -51.750000	
 -132.750000	  -51.250000	
 -132.750000	  -50.750000	
 -132.750000	  -50.250000	
 -132.750000	  -49.750000	
 -132.750000	  -49.250000	
 -132.750000	  -48.750000	
 -132.750000	  -48.250000	
 -132.750000	  -47.750000	
 -132.750000	  -47.250000	
 -132.750000	  -46.750000	
 -132.750000	  -46.250000	
 -132.750000	  -45.750000	
 -132.750000	  -45.250000	
 -132.750000	  -44.750000	
 -132.750000	  -44.250000	
 -132.750000	  -43.750000	
 -132.750000	  -43.250000	
 -132.750000	  -42.750000	
 -132.750000	  -42.250000	
 -132.750000	  -41.750000	
 -132.750000	  -41.250000	
 -132.750000	  -40.750000	
 -132.750000	  -40.250000	
 -132.250000	  -53.250000	
 -132.250000	  -52.750000	
 -132.250000	  -52.250000	
 -132.250000	  -51.750000	
 -132.250000	  -51.250000	
 -132.250000	  -50.750000	
 -132.250000	  -50.250000	
 -132.250000	  -49.750000	
 -132.250000	  -49.250000	
 -132.250000	  -48.750000	
 -132.250000	  -48.250000	
 -132.250000	  -47.750000	
 -132.250000	  -47.250000	
 -132.250000	  -46.750000	
 -132.250000	  -46.250000	
 -132.250000	  -45.750000	
 -132.250000	  -45.250000	
 -132.250000	  -44.750000	
 -132.250000	  -44.250000	
 -132.250000	  -43.750000	
 -132.250000	  -43.250000	
 -132.250000	  -42.750000	
 -132.250000	  -42.250000	
 -132.250000	  -41.750000	
 -132.250000	  -41.250000	
 -132.250000	  -40.750000	
 -132.250000	  -40.250000	
 -131.750000	  -53.250000	
 -131.750000	  -52.750000	
 -131.750000	  -52.250000	
 -131.750000	  -51.750000	
 -131.750000	  -51.250000	
 -131.750000	  -50.750000	
 -131.750000	  -50.250000	
 -131.750000	  -49.750000	
 -131.750000	  -49.250000	
 -131.750000	  -48.750000	
 -131.750000	  -48.250000	
 -131.750000	  -47.750000	
 -131.750000	  -47.250000	
 -131.750000	  -46.750000	
 -131.750000	  -46.250000	
 -131.750000	  -45.750000	
 -131.750000	  -45.250000	
 -131.750000	  -44.750000	
 -131.750000	  -44.250000	
 -131.750000	  -43.750000	
 -131.750000	  -43.250000	
 -131.750000	  -42.750000	
 -131.750000	  -42.250000	
 -131.750000	  -41.750000	
 -131.750000	  -41.250000	
 -131.750000	  -40.750000	
 -131.250000	  -53.250000	
 -131.250000	  -52.750000	
 -131.250000	  -52.250000	
 -131.250000	  -51.750000	
 -131.250000	  -51.250000	
 -131.250000	  -50.750000	
 -131.250000	  -50.250000	
 -131.250000	  -49.750000	
 -131.250000	  -49.250000	
 -131.250000	  -48.750000	
 -131.250000	  -48.250000	
 -131.250000	  -47.750000	
 -131.250000	  -47.250000	
 -131.250000	  -46.750000	
 -131.250000	  -46.250000	
 -131.250000	  -45.750000	
 -131.250000	  -45.250000	
 -131.250000	  -44.750000	
 -131.250000	  -44.250000	
 -131.250000	  -43.750000	
 -131.250000	  -43.250000	
 -131.250000	  -42.750000	
 -131.250000	  -42.250000	
 -131.250000	  -41.750000	
 -131.250000	  -41.250000	
 -131.250000	  -40.750000	
 -130.750000	  -53.250000	
 -130.750000	  -52.750000	
 -130.750000	  -52.250000	
 -130.750000	  -51.750000	
 -130.750000	  -51.250000	
 -130.750000	  -50.750000	
 -130.750000	  -50.250000	
 -130.750000	  -49.750000	
 -130.750000	  -49.250000	
 -130.750000	  -48.750000	
 -130.750000	  -48.250000	
 -130.750000	  -47.750000	
 -130.750000	  -47.250000	
 -130.750000	  -46.750000	
 -130.750000	  -46.250000	
 -130.750000	  -45.750000	
 -130.750000	  -45.250000	
 -130.750000	  -44.750000	
 -130.750000	  -44.250000	
 -130.750000	  -43.750000	
 -130.750000	  -43.250000	
 -130.750000	  -42.750000	
 -130.750000	  -42.250000	
 -130.750000	  -41.750000	
 -130.750000	  -41.250000	
 -130.750000	  -40.750000	
 -130.250000	  -53.250000	
 -130.250000	  -52.750000	
 -130.250000	  -52.250000	
 -130.250000	  -51.750000	
 -130.250000	  -51.250000	
 -130.250000	  -50.750000	
 -130.250000	  -50.250000	
 -130.250000	  -49.750000	
 -130.250000	  -49.250000	
 -130.250000	  -48.750000	
 -130.250000	  -48.250000	
 -130.250000	  -47.750000	
 -130.250000	  -47.250000	
 -130.250000	  -46.750000	
 -130.250000	  -46.250000	
 -130.250000	  -45.750000	
 -130.250000	  -45.250000	
 -130.250000	  -44.750000	
 -130.250000	  -44.250000	
 -130.250000	  -43.750000	
 -130.250000	  -43.250000	
 -130.250000	  -42.750000	
 -130.250000	  -42.250000	
 -130.250000	  -41.750000	
 -130.250000	  -41.250000	
 -130.250000	  -40.750000	
 -129.750000	  -53.250000	
 -129.750000	  -52.750000	
 -129.750000	  -52.250000	
 -129.750000	  -51.750000	
 -129.750000	  -51.250000	
 -129.750000	  -50.750000	
 -129.750000	  -50.250000	
 -129.750000	  -49.750000	
 -129.750000	  -49.250000	
 -129.750000	  -48.750000	
 -129.750000	  -48.250000	
 -129.750000	  -47.750000	
 -129.750000	  -47.250000	
 -129.750000	  -46.750000	
 -129.750000	  -46.250000	
 -129.750000	  -45.750000	
 -129.750000	  -45.250000	
 -129.750000	  -44.750000	
 -129.750000	  -44.250000	
 -129.750000	  -43.750000	
 -129.750000	  -43.250000	
 -129.750000	  -42.750000	
 -129.750000	  -42.250000	
 -129.750000	  -41.750000	
 -129.750000	  -41.250000	
 -129.750000	  -40.750000	
 -129.250000	  -53.250000	
 -129.250000	  -52.750000	
 -129.250000	  -52.250000	
 -129.250000	  -51.750000	
 -129.250000	  -51.250000	
 -129.250000	  -50.750000	
 -129.250000	  -50.250000	
 -129.250000	  -49.750000	
 -129.250000	  -49.250000	
 -129.250000	  -48.750000	
 -129.250000	  -48.250000	
 -129.250000	  -47.750000	
 -129.250000	  -47.250000	
 -129.250000	  -46.750000	
 -129.250000	  -46.250000	
 -129.250000	  -45.750000	
 -129.250000	  -45.250000	
 -129.250000	  -44.750000	
 -129.250000	  -44.250000	
 -129.250000	  -43.750000	
 -129.250000	  -43.250000	
 -129.250000	  -42.750000	
 -129.250000	  -42.250000	
 -129.250000	  -41.750000	
 -129.250000	  -41.250000	
 -129.250000	  -40.750000	
 -128.750000	  -53.250000	
 -128.750000	  -52.750000	
 -128.750000	  -52.250000	
 -128.750000	  -51.750000	
 -128.750000	  -51.250000	
 -128.750000	  -50.750000	
 -128.750000	  -50.250000	
 -128.750000	  -49.750000	
 -128.750000	  -49.250000	
 -128.750000	  -48.750000	
 -128.750000	  -48.250000	
 -128.750000	  -47.750000	
 -128.750000	  -47.250000	
 -128.750000	  -46.750000	
 -128.750000	  -46.250000	
 -128.750000	  -45.750000	
 -128.750000	  -45.250000	
 -128.750000	  -44.750000	
 -128.750000	  -44.250000	
 -128.750000	  -43.750000	
 -128.750000	  -43.250000	
 -128.750000	  -42.750000	
 -128.750000	  -42.250000	
 -128.750000	  -41.750000	
 -128.750000	  -41.250000	
 -128.750000	  -40.750000	
 -128.250000	  -53.250000	
 -128.250000	  -52.750000	
 -128.250000	  -52.250000	
 -128.250000	  -51.750000	
 -128.250000	  -51.250000	
 -128.250000	  -50.750000	
 -128.250000	  -50.250000	
 -128.250000	  -49.750000	
 -128.250000	  -49.250000	
 -128.250000	  -48.750000	
 -128.250000	  -48.250000	
 -128.250000	  -47.750000	
 -128.250000	  -47.250000	
 -128.250000	  -46.750000	
 -128.250000	  -46.250000	
 -128.250000	  -45.750000	
 -128.250000	  -45.250000	
 -128.250000	  -44.750000	
 -128.250000	  -44.250000	
 -128.250000	  -43.750000	
 -128.250000	  -43.250000	
 -128.250000	  -42.750000	
 -128.250000	  -42.250000	
 -128.250000	  -41.750000	
 -128.250000	  -41.250000	
 -128.250000	  -40.750000	
 -127.750000	  -53.250000	
 -127.750000	  -52.750000	
 -127.750000	  -52.250000	
 -127.750000	  -51.750000	
 -127.750000	  -51.250000	
 -127.750000	  -50.750000	
 -127.750000	  -50.250000	
 -127.750000	  -49.750000	
 -127.750000	  -49.250000	
 -127.750000	  -48.750000	
 -127.750000	  -48.250000	
 -127.750000	  -47.750000	
 -127.750000	  -47.250000	
 -127.750000	  -46.750000	
 -127.750000	  -46.250000	
 -127.750000	  -45.750000	
 -127.750000	  -45.250000	
 -127.750000	  -44.750000	
 -127.750000	  -44.250000	
 -127.750000	  -43.750000	
 -127.750000	  -43.250000	
 -127.750000	  -42.750000	
 -127.750000	  -42.250000	
 -127.750000	  -41.750000	
 -127.750000	  -41.250000	
 -127.750000	  -40.750000	
 -127.250000	  -53.750000	
 -127.250000	  -53.250000	
 -127.250000	  -52.750000	
 -127.250000	  -52.250000	
 -127.250000	  -51.750000	
 -127.250000	  -51.250000	
 -127.250000	  -50.750000	
 -127.250000	  -50.250000	
 -127.250000	  -49.750000	
 -127.250000	  -49.250000	
 -127.250000	  -48.750000	
 -127.250000	  -48.250000	
 -127.250000	  -47.750000	
 -127.250000	  -47.250000	
 -127.250000	  -46.750000	
 -127.250000	  -46.250000	
 -127.250000	  -45.750000	
 -127.250000	  -45.250000	
 -127.250000	  -44.750000	
 -127.250000	  -44.250000	
 -127.250000	  -43.750000	
 -127.250000	  -43.250000	
 -127.250000	  -42.750000	
 -127.250000	  -42.250000	
 -127.250000	  -41.750000	
 -127.250000	  -41.250000	
 -127.250000	  -40.750000	
 -126.750000	  -53.750000	
 -126.750000	  -53.250000	
 -126.750000	  -52.750000	
 -126.750000	  -52.250000	
 -126.750000	  -51.750000	
 -126.750000	  -51.250000	
 -126.750000	  -50.750000	
 -126.750000	  -50.250000	
 -126.750000	  -49.750000	
 -126.750000	  -49.250000	
 -126.750000	  -48.750000	
 -126.750000	  -48.250000	
 -126.750000	  -47.750000	
 -126.750000	  -47.250000	
 -126.750000	  -46.750000	
 -126.750000	  -46.250000	
 -126.750000	  -45.750000	
 -126.750000	  -45.250000	
 -126.750000	  -44.750000	
 -126.750000	  -44.250000	
 -126.750000	  -43.750000	
 -126.750000	  -43.250000	
 -126.750000	  -42.750000	
 -126.750000	  -42.250000	
 -126.750000	  -41.750000	
 -126.750000	  -41.250000	
 -126.750000	  -40.750000	
 -126.250000	  -53.750000	
 -126.250000	  -53.250000	
 -126.250000	  -52.750000	
 -126.250000	  -52.250000	
 -126.250000	  -51.750000	
 -126.250000	  -51.250000	
 -126.250000	  -50.750000	
 -126.250000	  -50.250000	
 -126.250000	  -49.750000	
 -126.250000	  -49.250000	
 -126.250000	  -48.750000	
 -126.250000	  -48.250000	
 -126.250000	  -47.750000	
 -126.250000	  -47.250000	
 -126.250000	  -46.750000	
 -126.250000	  -46.250000	
 -126.250000	  -45.750000	
 -126.250000	  -45.250000	
 -126.250000	  -44.750000	
 -126.250000	  -44.250000	
 -126.250000	  -43.750000	
 -126.250000	  -43.250000	
 -126.250000	  -42.750000	
 -126.250000	  -42.250000	
 -126.250000	  -41.750000	
 -126.250000	  -41.250000	
 -126.250000	  -40.750000	
 -125.750000	  -53.750000	
 -125.750000	  -53.250000	
 -125.750000	  -52.750000	
 -125.750000	  -52.250000	
 -125.750000	  -51.750000	
 -125.750000	  -51.250000	
 -125.750000	  -50.750000	
 -125.750000	  -50.250000	
 -125.750000	  -49.750000	
 -125.750000	  -49.250000	
 -125.750000	  -48.750000	
 -125.750000	  -48.250000	
 -125.750000	  -47.750000	
 -125.750000	  -47.250000	
 -125.750000	  -46.750000	
 -125.750000	  -46.250000	
 -125.750000	  -45.750000	
 -125.750000	  -45.250000	
 -125.750000	  -44.750000	
 -125.750000	  -44.250000	
 -125.750000	  -43.750000	
 -125.750000	  -43.250000	
 -125.750000	  -42.750000	
 -125.750000	  -42.250000	
 -125.750000	  -41.750000	
 -125.750000	  -41.250000	
 -125.750000	  -40.750000	
 -125.250000	  -53.750000	
 -125.250000	  -53.250000	
 -125.250000	  -52.750000	
 -125.250000	  -52.250000	
 -125.250000	  -51.750000	
 -125.250000	  -51.250000	
 -125.250000	  -50.750000	
 -125.250000	  -50.250000	
 -125.250000	  -49.750000	
 -125.250000	  -49.250000	
 -125.250000	  -48.750000	
 -125.250000	  -48.250000	
 -125.250000	  -47.750000	
 -125.250000	  -47.250000	
 -125.250000	  -46.750000	
 -125.250000	  -46.250000	
 -125.250000	  -45.750000	
 -125.250000	  -45.250000	
 -125.250000	  -44.750000	
 -125.250000	  -44.250000	
 -125.250000	  -43.750000	
 -125.250000	  -43.250000	
 -125.250000	  -42.750000	
 -125.250000	  -42.250000	
 -125.250000	  -41.750000	
 -125.250000	  -41.250000	
 -125.250000	  -40.750000	
 -124.750000	  -53.250000	
 -124.750000	  -52.750000	
 -124.750000	  -52.250000	
 -124.750000	  -51.750000	
 -124.750000	  -51.250000	
 -124.750000	  -50.750000	
 -124.750000	  -50.250000	
 -124.750000	  -49.750000	
 -124.750000	  -49.250000	
 -124.750000	  -48.750000	
 -124.750000	  -48.250000	
 -124.750000	  -47.750000	
 -124.750000	  -47.250000	
 -124.750000	  -46.750000	
 -124.750000	  -46.250000	
 -124.750000	  -45.750000	
 -124.750000	  -45.250000	
 -124.750000	  -44.750000	
 -124.750000	  -44.250000	
 -124.750000	  -43.750000	
 -124.750000	  -43.250000	
 -124.750000	  -42.750000	
 -124.750000	  -42.250000	
 -124.750000	  -41.750000	
 -124.750000	  -41.250000	
 -124.750000	  -40.750000	
 -124.250000	  -53.250000	
 -124.250000	  -52.750000	
 -124.250000	  -52.250000	
 -124.250000	  -51.750000	
 -124.250000	  -51.250000	
 -124.250000	  -50.750000	
 -124.250000	  -50.250000	
 -124.250000	  -49.750000	
 -124.250000	  -49.250000	
 -124.250000	  -48.750000	
 -124.250000	  -48.250000	
 -124.250000	  -47.750000	
 -124.250000	  -47.250000	
 -124.250000	  -46.750000	
 -124.250000	  -46.250000	
 -124.250000	  -45.750000	
 -124.250000	  -45.250000	
 -124.250000	  -44.750000	
 -124.250000	  -44.250000	
 -124.250000	  -43.750000	
 -124.250000	  -43.250000	
 -124.250000	  -42.750000	
 -124.250000	  -42.250000	
 -124.250000	  -41.750000	
 -124.250000	  -41.250000	
 -124.250000	  -40.750000	
 -123.750000	  -53.250000	
 -123.750000	  -52.750000	
 -123.750000	  -52.250000	
 -123.750000	  -51.750000	
 -123.750000	  -51.250000	
 -123.750000	  -50.750000	
 -123.750000	  -50.250000	
 -123.750000	  -49.750000	
 -123.750000	  -49.250000	
 -123.750000	  -48.750000	
 -123.750000	  -48.250000	
 -123.750000	  -47.750000	
 -123.750000	  -47.250000	
 -123.750000	  -46.750000	
 -123.750000	  -46.250000	
 -123.750000	  -45.750000	
 -123.750000	  -45.250000	
 -123.750000	  -44.750000	
 -123.750000	  -44.250000	
 -123.750000	  -43.750000	
 -123.750000	  -43.250000	
 -123.750000	  -42.750000	
 -123.750000	  -42.250000	
 -123.750000	  -41.750000	
 -123.750000	  -41.250000	
 -123.750000	  -40.750000	
 -123.250000	  -53.250000	
 -123.250000	  -52.750000	
 -123.250000	  -52.250000	
 -123.250000	  -51.750000	
 -123.250000	  -51.250000	
 -123.250000	  -50.750000	
 -123.250000	  -50.250000	
 -123.250000	  -49.750000	
 -123.250000	  -49.250000	
 -123.250000	  -48.750000	
 -123.250000	  -48.250000	
 -123.250000	  -47.750000	
 -123.250000	  -47.250000	
 -123.250000	  -46.750000	
 -123.250000	  -46.250000	
 -123.250000	  -45.750000	
 -123.250000	  -45.250000	
 -123.250000	  -44.750000	
 -123.250000	  -44.250000	
 -123.250000	  -43.750000	
 -123.250000	  -43.250000	
 -123.250000	  -42.750000	
 -123.250000	  -42.250000	
 -123.250000	  -41.750000	
 -123.250000	  -41.250000	
 -123.250000	  -40.750000	
 -122.750000	  -53.250000	
 -122.750000	  -52.750000	
 -122.750000	  -52.250000	
 -122.750000	  -51.750000	
 -122.750000	  -51.250000	
 -122.750000	  -50.750000	
 -122.750000	  -50.250000	
 -122.750000	  -49.750000	
 -122.750000	  -49.250000	
 -122.750000	  -48.750000	
 -122.750000	  -48.250000	
 -122.750000	  -47.750000	
 -122.750000	  -47.250000	
 -122.750000	  -46.750000	
 -122.750000	  -46.250000	
 -122.750000	  -45.750000	
 -122.750000	  -45.250000	
 -122.750000	  -44.750000	
 -122.750000	  -44.250000	
 -122.750000	  -43.750000	
 -122.750000	  -43.250000	
 -122.750000	  -42.750000	
 -122.750000	  -42.250000	
 -122.750000	  -41.750000	
 -122.750000	  -41.250000	
 -122.750000	  -40.750000	
 -122.250000	  -53.250000	
 -122.250000	  -52.750000	
 -122.250000	  -52.250000	
 -122.250000	  -51.750000	
 -122.250000	  -51.250000	
 -122.250000	  -50.750000	
 -122.250000	  -50.250000	
 -122.250000	  -49.750000	
 -122.250000	  -49.250000	
 -122.250000	  -48.750000	
 -122.250000	  -48.250000	
 -122.250000	  -47.750000	
 -122.250000	  -47.250000	
 -122.250000	  -46.750000	
 -122.250000	  -46.250000	
 -122.250000	  -45.750000	
 -122.250000	  -45.250000	
 -122.250000	  -44.750000	
 -122.250000	  -44.250000	
 -122.250000	  -43.750000	
 -122.250000	  -43.250000	
 -122.250000	  -42.750000	
 -122.250000	  -42.250000	
 -122.250000	  -41.750000	
 -122.250000	  -41.250000	
 -122.250000	  -40.750000	
 -121.750000	  -53.250000	
 -121.750000	  -52.750000	
 -121.750000	  -52.250000	
 -121.750000	  -51.750000	
 -121.750000	  -51.250000	
 -121.750000	  -50.750000	
 -121.750000	  -50.250000	
 -121.750000	  -49.750000	
 -121.750000	  -49.250000	
 -121.750000	  -48.750000	
 -121.750000	  -48.250000	
 -121.750000	  -47.750000	
 -121.750000	  -47.250000	
 -121.750000	  -46.750000	
 -121.750000	  -46.250000	
 -121.750000	  -45.750000	
 -121.750000	  -45.250000	
 -121.750000	  -44.750000	
 -121.750000	  -44.250000	
 -121.750000	  -43.750000	
 -121.750000	  -43.250000	
 -121.750000	  -42.750000	
 -121.750000	  -42.250000	
 -121.750000	  -41.750000	
 -121.750000	  -41.250000	
 -121.250000	  -53.250000	
 -121.250000	  -52.750000	
 -121.250000	  -52.250000	
 -121.250000	  -51.750000	
 -121.250000	  -51.250000	
 -121.250000	  -50.750000	
 -121.250000	  -50.250000	
 -121.250000	  -49.750000	
 -121.250000	  -49.250000	
 -121.250000	  -48.750000	
 -121.250000	  -48.250000	
 -121.250000	  -47.750000	
 -121.250000	  -47.250000	
 -121.250000	  -46.750000	
 -121.250000	  -46.250000	
 -121.250000	  -45.750000	
 -121.250000	  -45.250000	
 -121.250000	  -44.750000	
 -121.250000	  -44.250000	
 -121.250000	  -43.750000	
 -121.250000	  -43.250000	
 -121.250000	  -42.750000	
 -121.250000	  -42.250000	
 -121.250000	  -41.750000	
 -121.250000	  -41.250000	
 -120.750000	  -53.250000	
 -120.750000	  -52.750000	
 -120.750000	  -52.250000	
 -120.750000	  -51.750000	
 -120.750000	  -51.250000	
 -120.750000	  -50.750000	
 -120.750000	  -50.250000	
 -120.750000	  -49.750000	
 -120.750000	  -49.250000	
 -120.750000	  -48.750000	
 -120.750000	  -48.250000	
 -120.750000	  -47.750000	
 -120.750000	  -47.250000	
 -120.750000	  -46.750000	
 -120.750000	  -46.250000	
 -120.750000	  -45.750000	
 -120.750000	  -45.250000	
 -120.750000	  -44.750000	
 -120.750000	  -44.250000	
 -120.750000	  -43.750000	
 -120.750000	  -43.250000	
 -120.750000	  -42.750000	
 -120.750000	  -42.250000	
 -120.750000	  -41.750000	
 -120.750000	  -41.250000	
 -120.250000	  -53.250000	
 -120.250000	  -52.750000	
 -120.250000	  -52.250000	
 -120.250000	  -51.750000	
 -120.250000	  -51.250000	
 -120.250000	  -50.750000	
 -120.250000	  -50.250000	
 -120.250000	  -49.750000	
 -120.250000	  -49.250000	
 -120.250000	  -48.750000	
 -120.250000	  -48.250000	
 -120.250000	  -47.750000	
 -120.250000	  -47.250000	
 -120.250000	  -46.750000	
 -120.250000	  -46.250000	
 -120.250000	  -45.750000	
 -120.250000	  -45.250000	
 -120.250000	  -44.750000	
 -120.250000	  -44.250000	
 -120.250000	  -43.750000	
 -120.250000	  -43.250000	
 -120.250000	  -42.750000	
 -120.250000	  -42.250000	
 -120.250000	  -41.750000	
 -120.250000	  -41.250000	
 -119.750000	  -53.250000	
 -119.750000	  -52.750000	
 -119.750000	  -52.250000	
 -119.750000	  -51.750000	
 -119.750000	  -51.250000	
 -119.750000	  -50.750000	
 -119.750000	  -50.250000	
 -119.750000	  -49.750000	
 -119.750000	  -49.250000	
 -119.750000	  -48.750000	
 -119.750000	  -48.250000	
 -119.750000	  -47.750000	
 -119.750000	  -47.250000	
 -119.750000	  -46.750000	
 -119.750000	  -46.250000	
 -119.750000	  -45.750000	
 -119.750000	  -45.250000	
 -119.750000	  -44.750000	
 -119.750000	  -44.250000	
 -119.750000	  -43.750000	
 -119.750000	  -43.250000	
 -119.750000	  -42.750000	
 -119.750000	  -42.250000	
 -119.750000	  -41.750000	
 -119.750000	  -41.250000	
 -119.250000	  -53.250000	
 -119.250000	  -52.750000	
 -119.250000	  -52.250000	
 -119.250000	  -51.750000	
 -119.250000	  -51.250000	
 -119.250000	  -50.750000	
 -119.250000	  -50.250000	
 -119.250000	  -49.750000	
 -119.250000	  -49.250000	
 -119.250000	  -48.750000	
 -119.250000	  -48.250000	
 -119.250000	  -47.750000	
 -119.250000	  -47.250000	
 -119.250000	  -46.750000	
 -119.250000	  -46.250000	
 -119.250000	  -45.750000	
 -119.250000	  -45.250000	
 -119.250000	  -44.750000	
 -119.250000	  -44.250000	
 -119.250000	  -43.750000	
 -119.250000	  -43.250000	
 -119.250000	  -42.750000	
 -119.250000	  -42.250000	
 -119.250000	  -41.750000	
 -119.250000	  -41.250000	
 -118.750000	  -53.250000	
 -118.750000	  -52.750000	
 -118.750000	  -52.250000	
 -118.750000	  -51.750000	
 -118.750000	  -51.250000	
 -118.750000	  -50.750000	
 -118.750000	  -50.250000	
 -118.750000	  -49.750000	
 -118.750000	  -49.250000	
 -118.750000	  -48.750000	
 -118.750000	  -48.250000	
 -118.750000	  -47.750000	
 -118.750000	  -47.250000	
 -118.750000	  -46.750000	
 -118.750000	  -46.250000	
 -118.750000	  -45.750000	
 -118.750000	  -45.250000	
 -118.750000	  -44.750000	
 -118.750000	  -44.250000	
 -118.750000	  -43.750000	
 -118.750000	  -43.250000	
 -118.750000	  -42.750000	
 -118.750000	  -42.250000	
 -118.750000	  -41.750000	
 -118.250000	  -53.250000	
 -118.250000	  -52.750000	
 -118.250000	  -52.250000	
 -118.250000	  -51.750000	
 -118.250000	  -51.250000	
 -118.250000	  -50.750000	
 -118.250000	  -50.250000	
 -118.250000	  -49.750000	
 -118.250000	  -49.250000	
 -118.250000	  -48.750000	
 -118.250000	  -48.250000	
 -118.250000	  -47.750000	
 -118.250000	  -47.250000	
 -118.250000	  -46.750000	
 -118.250000	  -46.250000	
 -118.250000	  -45.750000	
 -118.250000	  -45.250000	
 -118.250000	  -44.750000	
 -118.250000	  -44.250000	
 -118.250000	  -43.750000	
 -118.250000	  -43.250000	
 -118.250000	  -42.750000	
 -118.250000	  -42.250000	
 -118.250000	  -41.750000	
 -117.750000	  -53.250000	
 -117.750000	  -52.750000	
 -117.750000	  -52.250000	
 -117.750000	  -51.750000	
 -117.750000	  -51.250000	
 -117.750000	  -50.750000	
 -117.750000	  -50.250000	
 -117.750000	  -49.750000	
 -117.750000	  -49.250000	
 -117.750000	  -48.750000	
 -117.750000	  -48.250000	
 -117.750000	  -47.750000	
 -117.750000	  -47.250000	
 -117.750000	  -46.750000	
 -117.750000	  -46.250000	
 -117.750000	  -45.750000	
 -117.750000	  -45.250000	
 -117.750000	  -44.750000	
 -117.750000	  -44.250000	
 -117.750000	  -43.750000	
 -117.750000	  -43.250000	
 -117.750000	  -42.750000	
 -117.750000	  -42.250000	
 -117.250000	  -53.250000	
 -117.250000	  -52.750000	
 -117.250000	  -52.250000	
 -117.250000	  -51.750000	
 -117.250000	  -51.250000	
 -117.250000	  -50.750000	
 -117.250000	  -50.250000	
 -117.250000	  -49.750000	
 -117.250000	  -49.250000	
 -117.250000	  -48.750000	
 -117.250000	  -48.250000	
 -117.250000	  -47.750000	
 -117.250000	  -47.250000	
 -117.250000	  -46.750000	
 -117.250000	  -46.250000	
 -117.250000	  -45.750000	
 -117.250000	  -45.250000	
 -117.250000	  -44.750000	
 -117.250000	  -44.250000	
 -117.250000	  -43.750000	
 -117.250000	  -43.250000	
 -117.250000	  -42.750000	
 -117.250000	  -42.250000	
 -116.750000	  -52.750000	
 -116.750000	  -52.250000	
 -116.750000	  -51.750000	
 -116.750000	  -51.250000	
 -116.750000	  -50.750000	
 -116.750000	  -50.250000	
 -116.750000	  -49.750000	
 -116.750000	  -49.250000	
 -116.750000	  -48.750000	
 -116.750000	  -48.250000	
 -116.750000	  -47.750000	
 -116.750000	  -47.250000	
 -116.750000	  -46.750000	
 -116.750000	  -46.250000	
 -116.750000	  -45.750000	
 -116.750000	  -45.250000	
 -116.750000	  -44.750000	
 -116.750000	  -44.250000	
 -116.750000	  -43.750000	
 -116.750000	  -43.250000	
 -116.750000	  -42.750000	
 -116.750000	  -42.250000	
 -116.250000	  -52.750000	
 -116.250000	  -52.250000	
 -116.250000	  -51.750000	
 -116.250000	  -51.250000	
 -116.250000	  -50.750000	
 -116.250000	  -50.250000	
 -116.250000	  -49.750000	
 -116.250000	  -49.250000	
 -116.250000	  -48.750000	
 -116.250000	  -48.250000	
 -116.250000	  -47.750000	
 -116.250000	  -47.250000	
 -116.250000	  -46.750000	
 -116.250000	  -46.250000	
 -116.250000	  -45.750000	
 -116.250000	  -45.250000	
 -116.250000	  -44.750000	
 -116.250000	  -44.250000	
 -116.250000	  -43.750000	
 -116.250000	  -43.250000	
 -116.250000	  -42.750000	
 -115.750000	  -52.750000	
 -115.750000	  -52.250000	
 -115.750000	  -51.750000	
 -115.750000	  -51.250000	
 -115.750000	  -50.750000	
 -115.750000	  -50.250000	
 -115.750000	  -49.750000	
 -115.750000	  -49.250000	
 -115.750000	  -48.750000	
 -115.750000	  -48.250000	
 -115.750000	  -47.750000	
 -115.750000	  -47.250000	
 -115.750000	  -46.750000	
 -115.750000	  -46.250000	
 -115.750000	  -45.750000	
 -115.750000	  -45.250000	
 -115.750000	  -44.750000	
 -115.750000	  -44.250000	
 -115.750000	  -43.750000	
 -115.750000	  -43.250000	
 -115.750000	  -42.750000	
 -115.250000	  -52.250000	
 -115.250000	  -51.750000	
 -115.250000	  -51.250000	
 -115.250000	  -50.750000	
 -115.250000	  -50.250000	
 -115.250000	  -49.750000	
 -115.250000	  -49.250000	
 -115.250000	  -48.750000	
 -115.250000	  -48.250000	
 -115.250000	  -47.750000	
 -115.250000	  -47.250000	
 -115.250000	  -46.750000	
 -115.250000	  -46.250000	
 -115.250000	  -45.750000	
 -115.250000	  -45.250000	
 -115.250000	  -44.750000	
 -115.250000	  -44.250000	
 -115.250000	  -43.750000	
 -115.250000	  -43.250000	
 -114.750000	  -52.250000	
 -114.750000	  -51.750000	
 -114.750000	  -51.250000	
 -114.750000	  -50.750000	
 -114.750000	  -50.250000	
 -114.750000	  -49.750000	
 -114.750000	  -49.250000	
 -114.750000	  -48.750000	
 -114.750000	  -48.250000	
 -114.750000	  -47.750000	
 -114.750000	  -47.250000	
 -114.750000	  -46.750000	
 -114.750000	  -46.250000	
 -114.750000	  -45.750000	
 -114.750000	  -45.250000	
 -114.750000	  -44.750000	
 -114.750000	  -44.250000	
 -114.750000	  -43.750000	
 -114.250000	  -51.750000	
 -114.250000	  -51.250000	
 -114.250000	  -50.750000	
 -114.250000	  -50.250000	
 -114.250000	  -49.750000	
 -114.250000	  -49.250000	
 -114.250000	  -48.750000	
 -114.250000	  -48.250000	
 -114.250000	  -47.750000	
 -114.250000	  -47.250000	
 -114.250000	  -46.750000	
 -114.250000	  -46.250000	
 -114.250000	  -45.750000	
 -114.250000	  -45.250000	
 -114.250000	  -44.750000	
 -114.250000	  -44.250000	
 -113.750000	  -51.750000	
 -113.750000	  -51.250000	
 -113.750000	  -50.750000	
 -113.750000	  -50.250000	
 -113.750000	  -49.750000	
 -113.750000	  -49.250000	
 -113.750000	  -48.750000	
 -113.750000	  -48.250000	
 -113.750000	  -47.750000	
 -113.750000	  -47.250000	
 -113.750000	  -46.750000	
 -113.750000	  -46.250000	
 -113.750000	  -45.750000	
 -113.750000	  -45.250000	
 -113.750000	  -44.750000	
 -113.250000	  -51.250000	
 -113.250000	  -50.750000	
 -113.250000	  -50.250000	
 -113.250000	  -49.750000	
 -113.250000	  -49.250000	
 -113.250000	  -48.750000	
 -113.250000	  -48.250000	
 -113.250000	  -47.750000	
 -113.250000	  -47.250000	
 -113.250000	  -46.750000	
 -113.250000	  -46.250000	
 -113.250000	  -45.750000	
 -113.250000	  -45.250000	
 -112.750000	  -50.750000	
 -112.750000	  -50.250000	
 -112.750000	  -49.750000	
 -112.750000	  -49.250000	
 -112.750000	  -48.750000	
 -112.750000	  -48.250000	
 -112.750000	  -47.750000	
 -112.750000	  -47.250000	
 -112.750000	  -46.750000	
 -112.750000	  -46.250000	
 -112.250000	  -50.250000	
 -112.250000	  -49.750000	
 -112.250000	  -49.250000	
 -112.250000	  -48.750000	
 -112.250000	  -48.250000	
 -112.250000	  -47.750000	
 -112.250000	  -47.250000	
 -112.250000	  -46.750000	
 -111.750000	  -49.750000	
 -111.750000	  -49.250000	
 -111.750000	  -48.750000	
 -111.750000	  -48.250000	
