 -168.750000	  31.250000	
 -168.750000	  31.750000	
 -168.250000	  29.750000	
 -168.250000	  30.250000	
 -168.250000	  30.750000	
 -168.250000	  31.250000	
 -168.250000	  31.750000	
 -168.250000	  32.250000	
 -168.250000	  32.750000	
 -167.750000	  28.750000	
 -167.750000	  29.250000	
 -167.750000	  29.750000	
 -167.750000	  30.250000	
 -167.750000	  30.750000	
 -167.750000	  31.250000	
 -167.750000	  31.750000	
 -167.750000	  32.250000	
 -167.750000	  32.750000	
 -167.750000	  33.250000	
 -167.750000	  33.750000	
 -167.750000	  34.250000	
 -167.250000	  27.250000	
 -167.250000	  27.750000	
 -167.250000	  28.250000	
 -167.250000	  28.750000	
 -167.250000	  29.250000	
 -167.250000	  29.750000	
 -167.250000	  30.250000	
 -167.250000	  30.750000	
 -167.250000	  31.250000	
 -167.250000	  31.750000	
 -167.250000	  32.250000	
 -167.250000	  32.750000	
 -167.250000	  33.250000	
 -167.250000	  33.750000	
 -167.250000	  34.250000	
 -167.250000	  34.750000	
 -167.250000	  35.250000	
 -166.750000	  26.750000	
 -166.750000	  27.250000	
 -166.750000	  27.750000	
 -166.750000	  28.250000	
 -166.750000	  28.750000	
 -166.750000	  29.250000	
 -166.750000	  29.750000	
 -166.750000	  30.250000	
 -166.750000	  30.750000	
 -166.750000	  31.250000	
 -166.750000	  31.750000	
 -166.750000	  32.250000	
 -166.750000	  32.750000	
 -166.750000	  33.250000	
 -166.750000	  33.750000	
 -166.750000	  34.250000	
 -166.750000	  34.750000	
 -166.750000	  35.250000	
 -166.750000	  35.750000	
 -166.250000	  26.250000	
 -166.250000	  26.750000	
 -166.250000	  27.250000	
 -166.250000	  27.750000	
 -166.250000	  28.250000	
 -166.250000	  28.750000	
 -166.250000	  29.250000	
 -166.250000	  29.750000	
 -166.250000	  30.250000	
 -166.250000	  30.750000	
 -166.250000	  31.250000	
 -166.250000	  31.750000	
 -166.250000	  32.250000	
 -166.250000	  32.750000	
 -166.250000	  33.250000	
 -166.250000	  33.750000	
 -166.250000	  34.250000	
 -166.250000	  34.750000	
 -166.250000	  35.250000	
 -166.250000	  35.750000	
 -165.750000	  25.750000	
 -165.750000	  26.250000	
 -165.750000	  26.750000	
 -165.750000	  27.250000	
 -165.750000	  27.750000	
 -165.750000	  28.250000	
 -165.750000	  28.750000	
 -165.750000	  29.250000	
 -165.750000	  29.750000	
 -165.750000	  30.250000	
 -165.750000	  30.750000	
 -165.750000	  31.250000	
 -165.750000	  31.750000	
 -165.750000	  32.250000	
 -165.750000	  32.750000	
 -165.750000	  33.250000	
 -165.750000	  33.750000	
 -165.750000	  34.250000	
 -165.750000	  34.750000	
 -165.750000	  35.250000	
 -165.750000	  35.750000	
 -165.250000	  25.250000	
 -165.250000	  25.750000	
 -165.250000	  26.250000	
 -165.250000	  26.750000	
 -165.250000	  27.250000	
 -165.250000	  27.750000	
 -165.250000	  28.250000	
 -165.250000	  28.750000	
 -165.250000	  29.250000	
 -165.250000	  29.750000	
 -165.250000	  30.250000	
 -165.250000	  30.750000	
 -165.250000	  31.250000	
 -165.250000	  31.750000	
 -165.250000	  32.250000	
 -165.250000	  32.750000	
 -165.250000	  33.250000	
 -165.250000	  33.750000	
 -165.250000	  34.250000	
 -165.250000	  34.750000	
 -165.250000	  35.250000	
 -165.250000	  35.750000	
 -165.250000	  36.250000	
 -164.750000	  24.750000	
 -164.750000	  25.250000	
 -164.750000	  25.750000	
 -164.750000	  26.250000	
 -164.750000	  26.750000	
 -164.750000	  27.250000	
 -164.750000	  27.750000	
 -164.750000	  28.250000	
 -164.750000	  28.750000	
 -164.750000	  29.250000	
 -164.750000	  29.750000	
 -164.750000	  30.250000	
 -164.750000	  30.750000	
 -164.750000	  31.250000	
 -164.750000	  31.750000	
 -164.750000	  32.250000	
 -164.750000	  32.750000	
 -164.750000	  33.250000	
 -164.750000	  33.750000	
 -164.750000	  34.250000	
 -164.750000	  34.750000	
 -164.750000	  35.250000	
 -164.750000	  35.750000	
 -164.750000	  36.250000	
 -164.250000	  24.250000	
 -164.250000	  24.750000	
 -164.250000	  25.250000	
 -164.250000	  25.750000	
 -164.250000	  26.250000	
 -164.250000	  26.750000	
 -164.250000	  27.250000	
 -164.250000	  27.750000	
 -164.250000	  28.250000	
 -164.250000	  28.750000	
 -164.250000	  29.250000	
 -164.250000	  29.750000	
 -164.250000	  30.250000	
 -164.250000	  30.750000	
 -164.250000	  31.250000	
 -164.250000	  31.750000	
 -164.250000	  32.250000	
 -164.250000	  32.750000	
 -164.250000	  33.250000	
 -164.250000	  33.750000	
 -164.250000	  34.250000	
 -164.250000	  34.750000	
 -164.250000	  35.250000	
 -164.250000	  35.750000	
 -164.250000	  36.250000	
 -163.750000	  24.250000	
 -163.750000	  24.750000	
 -163.750000	  25.250000	
 -163.750000	  25.750000	
 -163.750000	  26.250000	
 -163.750000	  26.750000	
 -163.750000	  27.250000	
 -163.750000	  27.750000	
 -163.750000	  28.250000	
 -163.750000	  28.750000	
 -163.750000	  29.250000	
 -163.750000	  29.750000	
 -163.750000	  30.250000	
 -163.750000	  30.750000	
 -163.750000	  31.250000	
 -163.750000	  31.750000	
 -163.750000	  32.250000	
 -163.750000	  32.750000	
 -163.750000	  33.250000	
 -163.750000	  33.750000	
 -163.750000	  34.250000	
 -163.750000	  34.750000	
 -163.750000	  35.250000	
 -163.750000	  35.750000	
 -163.750000	  36.250000	
 -163.750000	  36.750000	
 -163.250000	  23.750000	
 -163.250000	  24.250000	
 -163.250000	  24.750000	
 -163.250000	  25.250000	
 -163.250000	  25.750000	
 -163.250000	  26.250000	
 -163.250000	  26.750000	
 -163.250000	  27.250000	
 -163.250000	  27.750000	
 -163.250000	  28.250000	
 -163.250000	  28.750000	
 -163.250000	  29.250000	
 -163.250000	  29.750000	
 -163.250000	  30.250000	
 -163.250000	  30.750000	
 -163.250000	  31.250000	
 -163.250000	  31.750000	
 -163.250000	  32.250000	
 -163.250000	  32.750000	
 -163.250000	  33.250000	
 -163.250000	  33.750000	
 -163.250000	  34.250000	
 -163.250000	  34.750000	
 -163.250000	  35.250000	
 -163.250000	  35.750000	
 -163.250000	  36.250000	
 -163.250000	  36.750000	
 -162.750000	  23.750000	
 -162.750000	  24.250000	
 -162.750000	  24.750000	
 -162.750000	  25.250000	
 -162.750000	  25.750000	
 -162.750000	  26.250000	
 -162.750000	  26.750000	
 -162.750000	  27.250000	
 -162.750000	  27.750000	
 -162.750000	  28.250000	
 -162.750000	  28.750000	
 -162.750000	  29.250000	
 -162.750000	  29.750000	
 -162.750000	  30.250000	
 -162.750000	  30.750000	
 -162.750000	  31.250000	
 -162.750000	  31.750000	
 -162.750000	  32.250000	
 -162.750000	  32.750000	
 -162.750000	  33.250000	
 -162.750000	  33.750000	
 -162.750000	  34.250000	
 -162.750000	  34.750000	
 -162.750000	  35.250000	
 -162.750000	  35.750000	
 -162.750000	  36.250000	
 -162.750000	  36.750000	
 -162.250000	  23.250000	
 -162.250000	  23.750000	
 -162.250000	  24.250000	
 -162.250000	  24.750000	
 -162.250000	  25.250000	
 -162.250000	  25.750000	
 -162.250000	  26.250000	
 -162.250000	  26.750000	
 -162.250000	  27.250000	
 -162.250000	  27.750000	
 -162.250000	  28.250000	
 -162.250000	  28.750000	
 -162.250000	  29.250000	
 -162.250000	  29.750000	
 -162.250000	  30.250000	
 -162.250000	  30.750000	
 -162.250000	  31.250000	
 -162.250000	  31.750000	
 -162.250000	  32.250000	
 -162.250000	  32.750000	
 -162.250000	  33.250000	
 -162.250000	  33.750000	
 -162.250000	  34.250000	
 -162.250000	  34.750000	
 -162.250000	  35.250000	
 -162.250000	  35.750000	
 -162.250000	  36.250000	
 -162.250000	  36.750000	
 -161.750000	  23.250000	
 -161.750000	  23.750000	
 -161.750000	  24.250000	
 -161.750000	  24.750000	
 -161.750000	  25.250000	
 -161.750000	  25.750000	
 -161.750000	  26.250000	
 -161.750000	  26.750000	
 -161.750000	  27.250000	
 -161.750000	  27.750000	
 -161.750000	  28.250000	
 -161.750000	  28.750000	
 -161.750000	  29.250000	
 -161.750000	  29.750000	
 -161.750000	  30.250000	
 -161.750000	  30.750000	
 -161.750000	  31.250000	
 -161.750000	  31.750000	
 -161.750000	  32.250000	
 -161.750000	  32.750000	
 -161.750000	  33.250000	
 -161.750000	  33.750000	
 -161.750000	  34.250000	
 -161.750000	  34.750000	
 -161.750000	  35.250000	
 -161.750000	  35.750000	
 -161.750000	  36.250000	
 -161.750000	  36.750000	
 -161.250000	  22.750000	
 -161.250000	  23.250000	
 -161.250000	  23.750000	
 -161.250000	  24.250000	
 -161.250000	  24.750000	
 -161.250000	  25.250000	
 -161.250000	  25.750000	
 -161.250000	  26.250000	
 -161.250000	  26.750000	
 -161.250000	  27.250000	
 -161.250000	  27.750000	
 -161.250000	  28.250000	
 -161.250000	  28.750000	
 -161.250000	  29.250000	
 -161.250000	  29.750000	
 -161.250000	  30.250000	
 -161.250000	  30.750000	
 -161.250000	  31.250000	
 -161.250000	  31.750000	
 -161.250000	  32.250000	
 -161.250000	  32.750000	
 -161.250000	  33.250000	
 -161.250000	  33.750000	
 -161.250000	  34.250000	
 -161.250000	  34.750000	
 -161.250000	  35.250000	
 -161.250000	  35.750000	
 -161.250000	  36.250000	
 -161.250000	  36.750000	
 -160.750000	  22.750000	
 -160.750000	  23.250000	
 -160.750000	  23.750000	
 -160.750000	  24.250000	
 -160.750000	  24.750000	
 -160.750000	  25.250000	
 -160.750000	  25.750000	
 -160.750000	  26.250000	
 -160.750000	  26.750000	
 -160.750000	  27.250000	
 -160.750000	  27.750000	
 -160.750000	  28.250000	
 -160.750000	  28.750000	
 -160.750000	  29.250000	
 -160.750000	  29.750000	
 -160.750000	  30.250000	
 -160.750000	  30.750000	
 -160.750000	  31.250000	
 -160.750000	  31.750000	
 -160.750000	  32.250000	
 -160.750000	  32.750000	
 -160.750000	  33.250000	
 -160.750000	  33.750000	
 -160.750000	  34.250000	
 -160.750000	  34.750000	
 -160.750000	  35.250000	
 -160.750000	  35.750000	
 -160.750000	  36.250000	
 -160.750000	  36.750000	
 -160.250000	  22.250000	
 -160.250000	  22.750000	
 -160.250000	  23.250000	
 -160.250000	  23.750000	
 -160.250000	  24.250000	
 -160.250000	  24.750000	
 -160.250000	  25.250000	
 -160.250000	  25.750000	
 -160.250000	  26.250000	
 -160.250000	  26.750000	
 -160.250000	  27.250000	
 -160.250000	  27.750000	
 -160.250000	  28.250000	
 -160.250000	  28.750000	
 -160.250000	  29.250000	
 -160.250000	  29.750000	
 -160.250000	  30.250000	
 -160.250000	  30.750000	
 -160.250000	  31.250000	
 -160.250000	  31.750000	
 -160.250000	  32.250000	
 -160.250000	  32.750000	
 -160.250000	  33.250000	
 -160.250000	  33.750000	
 -160.250000	  34.250000	
 -160.250000	  34.750000	
 -160.250000	  35.250000	
 -160.250000	  35.750000	
 -160.250000	  36.250000	
 -160.250000	  36.750000	
 -159.750000	  22.250000	
 -159.750000	  22.750000	
 -159.750000	  23.250000	
 -159.750000	  23.750000	
 -159.750000	  24.250000	
 -159.750000	  24.750000	
 -159.750000	  25.250000	
 -159.750000	  25.750000	
 -159.750000	  26.250000	
 -159.750000	  26.750000	
 -159.750000	  27.250000	
 -159.750000	  27.750000	
 -159.750000	  28.250000	
 -159.750000	  28.750000	
 -159.750000	  29.250000	
 -159.750000	  29.750000	
 -159.750000	  30.250000	
 -159.750000	  30.750000	
 -159.750000	  31.250000	
 -159.750000	  31.750000	
 -159.750000	  32.250000	
 -159.750000	  32.750000	
 -159.750000	  33.250000	
 -159.750000	  33.750000	
 -159.750000	  34.250000	
 -159.750000	  34.750000	
 -159.750000	  35.250000	
 -159.750000	  35.750000	
 -159.750000	  36.250000	
 -159.750000	  36.750000	
 -159.250000	  21.750000	
 -159.250000	  22.250000	
 -159.250000	  22.750000	
 -159.250000	  23.250000	
 -159.250000	  23.750000	
 -159.250000	  24.250000	
 -159.250000	  24.750000	
 -159.250000	  25.250000	
 -159.250000	  25.750000	
 -159.250000	  26.250000	
 -159.250000	  26.750000	
 -159.250000	  27.250000	
 -159.250000	  27.750000	
 -159.250000	  28.250000	
 -159.250000	  28.750000	
 -159.250000	  29.250000	
 -159.250000	  29.750000	
 -159.250000	  30.250000	
 -159.250000	  30.750000	
 -159.250000	  31.250000	
 -159.250000	  31.750000	
 -159.250000	  32.250000	
 -159.250000	  32.750000	
 -159.250000	  33.250000	
 -159.250000	  33.750000	
 -159.250000	  34.250000	
 -159.250000	  34.750000	
 -159.250000	  35.250000	
 -159.250000	  35.750000	
 -159.250000	  36.250000	
 -159.250000	  36.750000	
 -158.750000	  21.750000	
 -158.750000	  22.250000	
 -158.750000	  22.750000	
 -158.750000	  23.250000	
 -158.750000	  23.750000	
 -158.750000	  24.250000	
 -158.750000	  24.750000	
 -158.750000	  25.250000	
 -158.750000	  25.750000	
 -158.750000	  26.250000	
 -158.750000	  26.750000	
 -158.750000	  27.250000	
 -158.750000	  27.750000	
 -158.750000	  28.250000	
 -158.750000	  28.750000	
 -158.750000	  29.250000	
 -158.750000	  29.750000	
 -158.750000	  30.250000	
 -158.750000	  30.750000	
 -158.750000	  31.250000	
 -158.750000	  31.750000	
 -158.750000	  32.250000	
 -158.750000	  32.750000	
 -158.750000	  33.250000	
 -158.750000	  33.750000	
 -158.750000	  34.250000	
 -158.750000	  34.750000	
 -158.750000	  35.250000	
 -158.750000	  35.750000	
 -158.750000	  36.250000	
 -158.750000	  36.750000	
 -158.250000	  21.250000	
 -158.250000	  21.750000	
 -158.250000	  22.250000	
 -158.250000	  22.750000	
 -158.250000	  23.250000	
 -158.250000	  23.750000	
 -158.250000	  24.250000	
 -158.250000	  24.750000	
 -158.250000	  25.250000	
 -158.250000	  25.750000	
 -158.250000	  26.250000	
 -158.250000	  26.750000	
 -158.250000	  27.250000	
 -158.250000	  27.750000	
 -158.250000	  28.250000	
 -158.250000	  28.750000	
 -158.250000	  29.250000	
 -158.250000	  29.750000	
 -158.250000	  30.250000	
 -158.250000	  30.750000	
 -158.250000	  31.250000	
 -158.250000	  31.750000	
 -158.250000	  32.250000	
 -158.250000	  32.750000	
 -158.250000	  33.250000	
 -158.250000	  33.750000	
 -158.250000	  34.250000	
 -158.250000	  34.750000	
 -158.250000	  35.250000	
 -158.250000	  35.750000	
 -158.250000	  36.250000	
 -157.750000	  21.250000	
 -157.750000	  21.750000	
 -157.750000	  22.250000	
 -157.750000	  22.750000	
 -157.750000	  23.250000	
 -157.750000	  23.750000	
 -157.750000	  24.250000	
 -157.750000	  24.750000	
 -157.750000	  25.250000	
 -157.750000	  25.750000	
 -157.750000	  26.250000	
 -157.750000	  26.750000	
 -157.750000	  27.250000	
 -157.750000	  27.750000	
 -157.750000	  28.250000	
 -157.750000	  28.750000	
 -157.750000	  29.250000	
 -157.750000	  29.750000	
 -157.750000	  30.250000	
 -157.750000	  30.750000	
 -157.750000	  31.250000	
 -157.750000	  31.750000	
 -157.750000	  32.250000	
 -157.750000	  32.750000	
 -157.750000	  33.250000	
 -157.750000	  33.750000	
 -157.750000	  34.250000	
 -157.750000	  34.750000	
 -157.750000	  35.250000	
 -157.750000	  35.750000	
 -157.750000	  36.250000	
 -157.250000	  20.750000	
 -157.250000	  21.250000	
 -157.250000	  21.750000	
 -157.250000	  22.250000	
 -157.250000	  22.750000	
 -157.250000	  23.250000	
 -157.250000	  23.750000	
 -157.250000	  24.250000	
 -157.250000	  24.750000	
 -157.250000	  25.250000	
 -157.250000	  25.750000	
 -157.250000	  26.250000	
 -157.250000	  26.750000	
 -157.250000	  27.250000	
 -157.250000	  27.750000	
 -157.250000	  28.250000	
 -157.250000	  28.750000	
 -157.250000	  29.250000	
 -157.250000	  29.750000	
 -157.250000	  30.250000	
 -157.250000	  30.750000	
 -157.250000	  31.250000	
 -157.250000	  31.750000	
 -157.250000	  32.250000	
 -157.250000	  32.750000	
 -157.250000	  33.250000	
 -157.250000	  33.750000	
 -157.250000	  34.250000	
 -157.250000	  34.750000	
 -157.250000	  35.250000	
 -157.250000	  35.750000	
 -157.250000	  36.250000	
 -156.750000	  20.250000	
 -156.750000	  20.750000	
 -156.750000	  21.250000	
 -156.750000	  21.750000	
 -156.750000	  22.250000	
 -156.750000	  22.750000	
 -156.750000	  23.250000	
 -156.750000	  23.750000	
 -156.750000	  24.250000	
 -156.750000	  24.750000	
 -156.750000	  25.250000	
 -156.750000	  25.750000	
 -156.750000	  26.250000	
 -156.750000	  26.750000	
 -156.750000	  27.250000	
 -156.750000	  27.750000	
 -156.750000	  28.250000	
 -156.750000	  28.750000	
 -156.750000	  29.250000	
 -156.750000	  29.750000	
 -156.750000	  30.250000	
 -156.750000	  30.750000	
 -156.750000	  31.250000	
 -156.750000	  31.750000	
 -156.750000	  32.250000	
 -156.750000	  32.750000	
 -156.750000	  33.250000	
 -156.750000	  33.750000	
 -156.750000	  34.250000	
 -156.750000	  34.750000	
 -156.750000	  35.250000	
 -156.750000	  35.750000	
 -156.750000	  36.250000	
 -156.250000	  20.250000	
 -156.250000	  20.750000	
 -156.250000	  21.250000	
 -156.250000	  21.750000	
 -156.250000	  22.250000	
 -156.250000	  22.750000	
 -156.250000	  23.250000	
 -156.250000	  23.750000	
 -156.250000	  24.250000	
 -156.250000	  24.750000	
 -156.250000	  25.250000	
 -156.250000	  25.750000	
 -156.250000	  26.250000	
 -156.250000	  26.750000	
 -156.250000	  27.250000	
 -156.250000	  27.750000	
 -156.250000	  28.250000	
 -156.250000	  28.750000	
 -156.250000	  29.250000	
 -156.250000	  29.750000	
 -156.250000	  30.250000	
 -156.250000	  30.750000	
 -156.250000	  31.250000	
 -156.250000	  31.750000	
 -156.250000	  32.250000	
 -156.250000	  32.750000	
 -156.250000	  33.250000	
 -156.250000	  33.750000	
 -156.250000	  34.250000	
 -156.250000	  34.750000	
 -156.250000	  35.250000	
 -156.250000	  35.750000	
 -156.250000	  36.250000	
 -155.750000	  19.750000	
 -155.750000	  20.250000	
 -155.750000	  20.750000	
 -155.750000	  21.250000	
 -155.750000	  21.750000	
 -155.750000	  22.250000	
 -155.750000	  22.750000	
 -155.750000	  23.250000	
 -155.750000	  23.750000	
 -155.750000	  24.250000	
 -155.750000	  24.750000	
 -155.750000	  25.250000	
 -155.750000	  25.750000	
 -155.750000	  26.250000	
 -155.750000	  26.750000	
 -155.750000	  27.250000	
 -155.750000	  27.750000	
 -155.750000	  28.250000	
 -155.750000	  28.750000	
 -155.750000	  29.250000	
 -155.750000	  29.750000	
 -155.750000	  30.250000	
 -155.750000	  30.750000	
 -155.750000	  31.250000	
 -155.750000	  31.750000	
 -155.750000	  32.250000	
 -155.750000	  32.750000	
 -155.750000	  33.250000	
 -155.750000	  33.750000	
 -155.750000	  34.250000	
 -155.750000	  34.750000	
 -155.750000	  35.250000	
 -155.750000	  35.750000	
 -155.250000	  19.250000	
 -155.250000	  19.750000	
 -155.250000	  20.250000	
 -155.250000	  20.750000	
 -155.250000	  21.250000	
 -155.250000	  21.750000	
 -155.250000	  22.250000	
 -155.250000	  22.750000	
 -155.250000	  23.250000	
 -155.250000	  23.750000	
 -155.250000	  24.250000	
 -155.250000	  24.750000	
 -155.250000	  25.250000	
 -155.250000	  25.750000	
 -155.250000	  26.250000	
 -155.250000	  26.750000	
 -155.250000	  27.250000	
 -155.250000	  27.750000	
 -155.250000	  28.250000	
 -155.250000	  28.750000	
 -155.250000	  29.250000	
 -155.250000	  29.750000	
 -155.250000	  30.250000	
 -155.250000	  30.750000	
 -155.250000	  31.250000	
 -155.250000	  31.750000	
 -155.250000	  32.250000	
 -155.250000	  32.750000	
 -155.250000	  33.250000	
 -155.250000	  33.750000	
 -155.250000	  34.250000	
 -155.250000	  34.750000	
 -155.250000	  35.250000	
 -155.250000	  35.750000	
 -154.750000	  19.250000	
 -154.750000	  19.750000	
 -154.750000	  20.250000	
 -154.750000	  20.750000	
 -154.750000	  21.250000	
 -154.750000	  21.750000	
 -154.750000	  22.250000	
 -154.750000	  22.750000	
 -154.750000	  23.250000	
 -154.750000	  23.750000	
 -154.750000	  24.250000	
 -154.750000	  24.750000	
 -154.750000	  25.250000	
 -154.750000	  25.750000	
 -154.750000	  26.250000	
 -154.750000	  26.750000	
 -154.750000	  27.250000	
 -154.750000	  27.750000	
 -154.750000	  28.250000	
 -154.750000	  28.750000	
 -154.750000	  29.250000	
 -154.750000	  29.750000	
 -154.750000	  30.250000	
 -154.750000	  30.750000	
 -154.750000	  31.250000	
 -154.750000	  31.750000	
 -154.750000	  32.250000	
 -154.750000	  32.750000	
 -154.750000	  33.250000	
 -154.750000	  33.750000	
 -154.750000	  34.250000	
 -154.750000	  34.750000	
 -154.750000	  35.250000	
 -154.250000	  18.750000	
 -154.250000	  19.250000	
 -154.250000	  19.750000	
 -154.250000	  20.250000	
 -154.250000	  20.750000	
 -154.250000	  21.250000	
 -154.250000	  21.750000	
 -154.250000	  22.250000	
 -154.250000	  22.750000	
 -154.250000	  23.250000	
 -154.250000	  23.750000	
 -154.250000	  24.250000	
 -154.250000	  24.750000	
 -154.250000	  25.250000	
 -154.250000	  25.750000	
 -154.250000	  26.250000	
 -154.250000	  26.750000	
 -154.250000	  27.250000	
 -154.250000	  27.750000	
 -154.250000	  28.250000	
 -154.250000	  28.750000	
 -154.250000	  29.250000	
 -154.250000	  29.750000	
 -154.250000	  30.250000	
 -154.250000	  30.750000	
 -154.250000	  31.250000	
 -154.250000	  31.750000	
 -154.250000	  32.250000	
 -154.250000	  32.750000	
 -154.250000	  33.250000	
 -154.250000	  33.750000	
 -154.250000	  34.250000	
 -154.250000	  34.750000	
 -154.250000	  35.250000	
 -153.750000	  18.250000	
 -153.750000	  18.750000	
 -153.750000	  19.250000	
 -153.750000	  19.750000	
 -153.750000	  20.250000	
 -153.750000	  20.750000	
 -153.750000	  21.250000	
 -153.750000	  21.750000	
 -153.750000	  22.250000	
 -153.750000	  22.750000	
 -153.750000	  23.250000	
 -153.750000	  23.750000	
 -153.750000	  24.250000	
 -153.750000	  24.750000	
 -153.750000	  25.250000	
 -153.750000	  25.750000	
 -153.750000	  26.250000	
 -153.750000	  26.750000	
 -153.750000	  27.250000	
 -153.750000	  27.750000	
 -153.750000	  28.250000	
 -153.750000	  28.750000	
 -153.750000	  29.250000	
 -153.750000	  29.750000	
 -153.750000	  30.250000	
 -153.750000	  30.750000	
 -153.750000	  31.250000	
 -153.750000	  31.750000	
 -153.750000	  32.250000	
 -153.750000	  32.750000	
 -153.750000	  33.250000	
 -153.750000	  33.750000	
 -153.750000	  34.250000	
 -153.750000	  34.750000	
 -153.250000	  18.250000	
 -153.250000	  18.750000	
 -153.250000	  19.250000	
 -153.250000	  19.750000	
 -153.250000	  20.250000	
 -153.250000	  20.750000	
 -153.250000	  21.250000	
 -153.250000	  21.750000	
 -153.250000	  22.250000	
 -153.250000	  22.750000	
 -153.250000	  23.250000	
 -153.250000	  23.750000	
 -153.250000	  24.250000	
 -153.250000	  24.750000	
 -153.250000	  25.250000	
 -153.250000	  25.750000	
 -153.250000	  26.250000	
 -153.250000	  26.750000	
 -153.250000	  27.250000	
 -153.250000	  27.750000	
 -153.250000	  28.250000	
 -153.250000	  28.750000	
 -153.250000	  29.250000	
 -153.250000	  29.750000	
 -153.250000	  30.250000	
 -153.250000	  30.750000	
 -153.250000	  31.250000	
 -153.250000	  31.750000	
 -153.250000	  32.250000	
 -153.250000	  32.750000	
 -153.250000	  33.250000	
 -153.250000	  33.750000	
 -153.250000	  34.250000	
 -153.250000	  34.750000	
 -152.750000	  17.750000	
 -152.750000	  18.250000	
 -152.750000	  18.750000	
 -152.750000	  19.250000	
 -152.750000	  19.750000	
 -152.750000	  20.250000	
 -152.750000	  20.750000	
 -152.750000	  21.250000	
 -152.750000	  21.750000	
 -152.750000	  22.250000	
 -152.750000	  22.750000	
 -152.750000	  23.250000	
 -152.750000	  23.750000	
 -152.750000	  24.250000	
 -152.750000	  24.750000	
 -152.750000	  25.250000	
 -152.750000	  25.750000	
 -152.750000	  26.250000	
 -152.750000	  26.750000	
 -152.750000	  27.250000	
 -152.750000	  27.750000	
 -152.750000	  28.250000	
 -152.750000	  28.750000	
 -152.750000	  29.250000	
 -152.750000	  29.750000	
 -152.750000	  30.250000	
 -152.750000	  30.750000	
 -152.750000	  31.250000	
 -152.750000	  31.750000	
 -152.750000	  32.250000	
 -152.750000	  32.750000	
 -152.750000	  33.250000	
 -152.750000	  33.750000	
 -152.750000	  34.250000	
 -152.250000	  17.250000	
 -152.250000	  17.750000	
 -152.250000	  18.250000	
 -152.250000	  18.750000	
 -152.250000	  19.250000	
 -152.250000	  19.750000	
 -152.250000	  20.250000	
 -152.250000	  20.750000	
 -152.250000	  21.250000	
 -152.250000	  21.750000	
 -152.250000	  22.250000	
 -152.250000	  22.750000	
 -152.250000	  23.250000	
 -152.250000	  23.750000	
 -152.250000	  24.250000	
 -152.250000	  24.750000	
 -152.250000	  25.250000	
 -152.250000	  25.750000	
 -152.250000	  26.250000	
 -152.250000	  26.750000	
 -152.250000	  27.250000	
 -152.250000	  27.750000	
 -152.250000	  28.250000	
 -152.250000	  28.750000	
 -152.250000	  29.250000	
 -152.250000	  29.750000	
 -152.250000	  30.250000	
 -152.250000	  30.750000	
 -152.250000	  31.250000	
 -152.250000	  31.750000	
 -152.250000	  32.250000	
 -152.250000	  32.750000	
 -152.250000	  33.250000	
 -152.250000	  33.750000	
 -152.250000	  34.250000	
 -151.750000	  17.250000	
 -151.750000	  17.750000	
 -151.750000	  18.250000	
 -151.750000	  18.750000	
 -151.750000	  19.250000	
 -151.750000	  19.750000	
 -151.750000	  20.250000	
 -151.750000	  20.750000	
 -151.750000	  21.250000	
 -151.750000	  21.750000	
 -151.750000	  22.250000	
 -151.750000	  22.750000	
 -151.750000	  23.250000	
 -151.750000	  23.750000	
 -151.750000	  24.250000	
 -151.750000	  24.750000	
 -151.750000	  25.250000	
 -151.750000	  25.750000	
 -151.750000	  26.250000	
 -151.750000	  26.750000	
 -151.750000	  27.250000	
 -151.750000	  27.750000	
 -151.750000	  28.250000	
 -151.750000	  28.750000	
 -151.750000	  29.250000	
 -151.750000	  29.750000	
 -151.750000	  30.250000	
 -151.750000	  30.750000	
 -151.750000	  31.250000	
 -151.750000	  31.750000	
 -151.750000	  32.250000	
 -151.750000	  32.750000	
 -151.750000	  33.250000	
 -151.750000	  33.750000	
 -151.250000	  16.750000	
 -151.250000	  17.250000	
 -151.250000	  17.750000	
 -151.250000	  18.250000	
 -151.250000	  18.750000	
 -151.250000	  19.250000	
 -151.250000	  19.750000	
 -151.250000	  20.250000	
 -151.250000	  20.750000	
 -151.250000	  21.250000	
 -151.250000	  21.750000	
 -151.250000	  22.250000	
 -151.250000	  22.750000	
 -151.250000	  23.250000	
 -151.250000	  23.750000	
 -151.250000	  24.250000	
 -151.250000	  24.750000	
 -151.250000	  25.250000	
 -151.250000	  25.750000	
 -151.250000	  26.250000	
 -151.250000	  26.750000	
 -151.250000	  27.250000	
 -151.250000	  27.750000	
 -151.250000	  28.250000	
 -151.250000	  28.750000	
 -151.250000	  29.250000	
 -151.250000	  29.750000	
 -151.250000	  30.250000	
 -151.250000	  30.750000	
 -151.250000	  31.250000	
 -151.250000	  31.750000	
 -151.250000	  32.250000	
 -151.250000	  32.750000	
 -151.250000	  33.250000	
 -151.250000	  33.750000	
 -150.750000	  16.250000	
 -150.750000	  16.750000	
 -150.750000	  17.250000	
 -150.750000	  17.750000	
 -150.750000	  18.250000	
 -150.750000	  18.750000	
 -150.750000	  19.250000	
 -150.750000	  19.750000	
 -150.750000	  20.250000	
 -150.750000	  20.750000	
 -150.750000	  21.250000	
 -150.750000	  21.750000	
 -150.750000	  22.250000	
 -150.750000	  22.750000	
 -150.750000	  23.250000	
 -150.750000	  23.750000	
 -150.750000	  24.250000	
 -150.750000	  24.750000	
 -150.750000	  25.250000	
 -150.750000	  25.750000	
 -150.750000	  26.250000	
 -150.750000	  26.750000	
 -150.750000	  27.250000	
 -150.750000	  27.750000	
 -150.750000	  28.250000	
 -150.750000	  28.750000	
 -150.750000	  29.250000	
 -150.750000	  29.750000	
 -150.750000	  30.250000	
 -150.750000	  30.750000	
 -150.750000	  31.250000	
 -150.750000	  31.750000	
 -150.750000	  32.250000	
 -150.750000	  32.750000	
 -150.750000	  33.250000	
 -150.250000	  16.250000	
 -150.250000	  16.750000	
 -150.250000	  17.250000	
 -150.250000	  17.750000	
 -150.250000	  18.250000	
 -150.250000	  18.750000	
 -150.250000	  19.250000	
 -150.250000	  19.750000	
 -150.250000	  20.250000	
 -150.250000	  20.750000	
 -150.250000	  21.250000	
 -150.250000	  21.750000	
 -150.250000	  22.250000	
 -150.250000	  22.750000	
 -150.250000	  23.250000	
 -150.250000	  23.750000	
 -150.250000	  24.250000	
 -150.250000	  24.750000	
 -150.250000	  25.250000	
 -150.250000	  25.750000	
 -150.250000	  26.250000	
 -150.250000	  26.750000	
 -150.250000	  27.250000	
 -150.250000	  27.750000	
 -150.250000	  28.250000	
 -150.250000	  28.750000	
 -150.250000	  29.250000	
 -150.250000	  29.750000	
 -150.250000	  30.250000	
 -150.250000	  30.750000	
 -150.250000	  31.250000	
 -150.250000	  31.750000	
 -150.250000	  32.250000	
 -150.250000	  32.750000	
 -150.250000	  33.250000	
 -149.750000	  16.250000	
 -149.750000	  16.750000	
 -149.750000	  17.250000	
 -149.750000	  17.750000	
 -149.750000	  18.250000	
 -149.750000	  18.750000	
 -149.750000	  19.250000	
 -149.750000	  19.750000	
 -149.750000	  20.250000	
 -149.750000	  20.750000	
 -149.750000	  21.250000	
 -149.750000	  21.750000	
 -149.750000	  22.250000	
 -149.750000	  22.750000	
 -149.750000	  23.250000	
 -149.750000	  23.750000	
 -149.750000	  24.250000	
 -149.750000	  24.750000	
 -149.750000	  25.250000	
 -149.750000	  25.750000	
 -149.750000	  26.250000	
 -149.750000	  26.750000	
 -149.750000	  27.250000	
 -149.750000	  27.750000	
 -149.750000	  28.250000	
 -149.750000	  28.750000	
 -149.750000	  29.250000	
 -149.750000	  29.750000	
 -149.750000	  30.250000	
 -149.750000	  30.750000	
 -149.750000	  31.250000	
 -149.750000	  31.750000	
 -149.750000	  32.250000	
 -149.750000	  32.750000	
 -149.250000	  15.750000	
 -149.250000	  16.250000	
 -149.250000	  16.750000	
 -149.250000	  17.250000	
 -149.250000	  17.750000	
 -149.250000	  18.250000	
 -149.250000	  18.750000	
 -149.250000	  19.250000	
 -149.250000	  19.750000	
 -149.250000	  20.250000	
 -149.250000	  20.750000	
 -149.250000	  21.250000	
 -149.250000	  21.750000	
 -149.250000	  22.250000	
 -149.250000	  22.750000	
 -149.250000	  23.250000	
 -149.250000	  23.750000	
 -149.250000	  24.250000	
 -149.250000	  24.750000	
 -149.250000	  25.250000	
 -149.250000	  25.750000	
 -149.250000	  26.250000	
 -149.250000	  26.750000	
 -149.250000	  27.250000	
 -149.250000	  27.750000	
 -149.250000	  28.250000	
 -149.250000	  28.750000	
 -149.250000	  29.250000	
 -149.250000	  29.750000	
 -149.250000	  30.250000	
 -149.250000	  30.750000	
 -149.250000	  31.250000	
 -149.250000	  31.750000	
 -149.250000	  32.250000	
 -148.750000	  15.750000	
 -148.750000	  16.250000	
 -148.750000	  16.750000	
 -148.750000	  17.250000	
 -148.750000	  17.750000	
 -148.750000	  18.250000	
 -148.750000	  18.750000	
 -148.750000	  19.250000	
 -148.750000	  19.750000	
 -148.750000	  20.250000	
 -148.750000	  20.750000	
 -148.750000	  21.250000	
 -148.750000	  21.750000	
 -148.750000	  22.250000	
 -148.750000	  22.750000	
 -148.750000	  23.250000	
 -148.750000	  23.750000	
 -148.750000	  24.250000	
 -148.750000	  24.750000	
 -148.750000	  25.250000	
 -148.750000	  25.750000	
 -148.750000	  26.250000	
 -148.750000	  26.750000	
 -148.750000	  27.250000	
 -148.750000	  27.750000	
 -148.750000	  28.250000	
 -148.750000	  28.750000	
 -148.750000	  29.250000	
 -148.750000	  29.750000	
 -148.750000	  30.250000	
 -148.750000	  30.750000	
 -148.750000	  31.250000	
 -148.750000	  31.750000	
 -148.750000	  32.250000	
 -148.250000	  15.750000	
 -148.250000	  16.250000	
 -148.250000	  16.750000	
 -148.250000	  17.250000	
 -148.250000	  17.750000	
 -148.250000	  18.250000	
 -148.250000	  18.750000	
 -148.250000	  19.250000	
 -148.250000	  19.750000	
 -148.250000	  20.250000	
 -148.250000	  20.750000	
 -148.250000	  21.250000	
 -148.250000	  21.750000	
 -148.250000	  22.250000	
 -148.250000	  22.750000	
 -148.250000	  23.250000	
 -148.250000	  23.750000	
 -148.250000	  24.250000	
 -148.250000	  24.750000	
 -148.250000	  25.250000	
 -148.250000	  25.750000	
 -148.250000	  26.250000	
 -148.250000	  26.750000	
 -148.250000	  27.250000	
 -148.250000	  27.750000	
 -148.250000	  28.250000	
 -148.250000	  28.750000	
 -148.250000	  29.250000	
 -148.250000	  29.750000	
 -148.250000	  30.250000	
 -148.250000	  30.750000	
 -148.250000	  31.250000	
 -148.250000	  31.750000	
 -147.750000	  15.250000	
 -147.750000	  15.750000	
 -147.750000	  16.250000	
 -147.750000	  16.750000	
 -147.750000	  17.250000	
 -147.750000	  17.750000	
 -147.750000	  18.250000	
 -147.750000	  18.750000	
 -147.750000	  19.250000	
 -147.750000	  19.750000	
 -147.750000	  20.250000	
 -147.750000	  20.750000	
 -147.750000	  21.250000	
 -147.750000	  21.750000	
 -147.750000	  22.250000	
 -147.750000	  22.750000	
 -147.750000	  23.250000	
 -147.750000	  23.750000	
 -147.750000	  24.250000	
 -147.750000	  24.750000	
 -147.750000	  25.250000	
 -147.750000	  25.750000	
 -147.750000	  26.250000	
 -147.750000	  26.750000	
 -147.750000	  27.250000	
 -147.750000	  27.750000	
 -147.750000	  28.250000	
 -147.750000	  28.750000	
 -147.750000	  29.250000	
 -147.750000	  29.750000	
 -147.750000	  30.250000	
 -147.750000	  30.750000	
 -147.750000	  31.250000	
 -147.750000	  31.750000	
 -147.250000	  15.250000	
 -147.250000	  15.750000	
 -147.250000	  16.250000	
 -147.250000	  16.750000	
 -147.250000	  17.250000	
 -147.250000	  17.750000	
 -147.250000	  18.250000	
 -147.250000	  18.750000	
 -147.250000	  19.250000	
 -147.250000	  19.750000	
 -147.250000	  20.250000	
 -147.250000	  20.750000	
 -147.250000	  21.250000	
 -147.250000	  21.750000	
 -147.250000	  22.250000	
 -147.250000	  22.750000	
 -147.250000	  23.250000	
 -147.250000	  23.750000	
 -147.250000	  24.250000	
 -147.250000	  24.750000	
 -147.250000	  25.250000	
 -147.250000	  25.750000	
 -147.250000	  26.250000	
 -147.250000	  26.750000	
 -147.250000	  27.250000	
 -147.250000	  27.750000	
 -147.250000	  28.250000	
 -147.250000	  28.750000	
 -147.250000	  29.250000	
 -147.250000	  29.750000	
 -147.250000	  30.250000	
 -147.250000	  30.750000	
 -147.250000	  31.250000	
 -146.750000	  15.250000	
 -146.750000	  15.750000	
 -146.750000	  16.250000	
 -146.750000	  16.750000	
 -146.750000	  17.250000	
 -146.750000	  17.750000	
 -146.750000	  18.250000	
 -146.750000	  18.750000	
 -146.750000	  19.250000	
 -146.750000	  19.750000	
 -146.750000	  20.250000	
 -146.750000	  20.750000	
 -146.750000	  21.250000	
 -146.750000	  21.750000	
 -146.750000	  22.250000	
 -146.750000	  22.750000	
 -146.750000	  23.250000	
 -146.750000	  23.750000	
 -146.750000	  24.250000	
 -146.750000	  24.750000	
 -146.750000	  25.250000	
 -146.750000	  25.750000	
 -146.750000	  26.250000	
 -146.750000	  26.750000	
 -146.750000	  27.250000	
 -146.750000	  27.750000	
 -146.750000	  28.250000	
 -146.750000	  28.750000	
 -146.750000	  29.250000	
 -146.750000	  29.750000	
 -146.750000	  30.250000	
 -146.750000	  30.750000	
 -146.250000	  14.750000	
 -146.250000	  15.250000	
 -146.250000	  15.750000	
 -146.250000	  16.250000	
 -146.250000	  16.750000	
 -146.250000	  17.250000	
 -146.250000	  17.750000	
 -146.250000	  18.250000	
 -146.250000	  18.750000	
 -146.250000	  19.250000	
 -146.250000	  19.750000	
 -146.250000	  20.250000	
 -146.250000	  20.750000	
 -146.250000	  21.250000	
 -146.250000	  21.750000	
 -146.250000	  22.250000	
 -146.250000	  22.750000	
 -146.250000	  23.250000	
 -146.250000	  23.750000	
 -146.250000	  24.250000	
 -146.250000	  24.750000	
 -146.250000	  25.250000	
 -146.250000	  25.750000	
 -146.250000	  26.250000	
 -146.250000	  26.750000	
 -146.250000	  27.250000	
 -146.250000	  27.750000	
 -146.250000	  28.250000	
 -146.250000	  28.750000	
 -146.250000	  29.250000	
 -146.250000	  29.750000	
 -146.250000	  30.250000	
 -146.250000	  30.750000	
 -145.750000	  14.750000	
 -145.750000	  15.250000	
 -145.750000	  15.750000	
 -145.750000	  16.250000	
 -145.750000	  16.750000	
 -145.750000	  17.250000	
 -145.750000	  17.750000	
 -145.750000	  18.250000	
 -145.750000	  18.750000	
 -145.750000	  19.250000	
 -145.750000	  19.750000	
 -145.750000	  20.250000	
 -145.750000	  20.750000	
 -145.750000	  21.250000	
 -145.750000	  21.750000	
 -145.750000	  22.250000	
 -145.750000	  22.750000	
 -145.750000	  23.250000	
 -145.750000	  23.750000	
 -145.750000	  24.250000	
 -145.750000	  24.750000	
 -145.750000	  25.250000	
 -145.750000	  25.750000	
 -145.750000	  26.250000	
 -145.750000	  26.750000	
 -145.750000	  27.250000	
 -145.750000	  27.750000	
 -145.750000	  28.250000	
 -145.750000	  28.750000	
 -145.750000	  29.250000	
 -145.750000	  29.750000	
 -145.750000	  30.250000	
 -145.250000	  14.750000	
 -145.250000	  15.250000	
 -145.250000	  15.750000	
 -145.250000	  16.250000	
 -145.250000	  16.750000	
 -145.250000	  17.250000	
 -145.250000	  17.750000	
 -145.250000	  18.250000	
 -145.250000	  18.750000	
 -145.250000	  19.250000	
 -145.250000	  19.750000	
 -145.250000	  20.250000	
 -145.250000	  20.750000	
 -145.250000	  21.250000	
 -145.250000	  21.750000	
 -145.250000	  22.250000	
 -145.250000	  22.750000	
 -145.250000	  23.250000	
 -145.250000	  23.750000	
 -145.250000	  24.250000	
 -145.250000	  24.750000	
 -145.250000	  25.250000	
 -145.250000	  25.750000	
 -145.250000	  26.250000	
 -145.250000	  26.750000	
 -145.250000	  27.250000	
 -145.250000	  27.750000	
 -145.250000	  28.250000	
 -145.250000	  28.750000	
 -145.250000	  29.250000	
 -145.250000	  29.750000	
 -144.750000	  14.750000	
 -144.750000	  15.250000	
 -144.750000	  15.750000	
 -144.750000	  16.250000	
 -144.750000	  16.750000	
 -144.750000	  17.250000	
 -144.750000	  17.750000	
 -144.750000	  18.250000	
 -144.750000	  18.750000	
 -144.750000	  19.250000	
 -144.750000	  19.750000	
 -144.750000	  20.250000	
 -144.750000	  20.750000	
 -144.750000	  21.250000	
 -144.750000	  21.750000	
 -144.750000	  22.250000	
 -144.750000	  22.750000	
 -144.750000	  23.250000	
 -144.750000	  23.750000	
 -144.750000	  24.250000	
 -144.750000	  24.750000	
 -144.750000	  25.250000	
 -144.750000	  25.750000	
 -144.750000	  26.250000	
 -144.750000	  26.750000	
 -144.750000	  27.250000	
 -144.750000	  27.750000	
 -144.750000	  28.250000	
 -144.750000	  28.750000	
 -144.750000	  29.250000	
 -144.750000	  29.750000	
 -144.250000	  14.250000	
 -144.250000	  14.750000	
 -144.250000	  15.250000	
 -144.250000	  15.750000	
 -144.250000	  16.250000	
 -144.250000	  16.750000	
 -144.250000	  17.250000	
 -144.250000	  17.750000	
 -144.250000	  18.250000	
 -144.250000	  18.750000	
 -144.250000	  19.250000	
 -144.250000	  19.750000	
 -144.250000	  20.250000	
 -144.250000	  20.750000	
 -144.250000	  21.250000	
 -144.250000	  21.750000	
 -144.250000	  22.250000	
 -144.250000	  22.750000	
 -144.250000	  23.250000	
 -144.250000	  23.750000	
 -144.250000	  24.250000	
 -144.250000	  24.750000	
 -144.250000	  25.250000	
 -144.250000	  25.750000	
 -144.250000	  26.250000	
 -144.250000	  26.750000	
 -144.250000	  27.250000	
 -144.250000	  27.750000	
 -144.250000	  28.250000	
 -144.250000	  28.750000	
 -144.250000	  29.250000	
 -143.750000	  14.250000	
 -143.750000	  14.750000	
 -143.750000	  15.250000	
 -143.750000	  15.750000	
 -143.750000	  16.250000	
 -143.750000	  16.750000	
 -143.750000	  17.250000	
 -143.750000	  17.750000	
 -143.750000	  18.250000	
 -143.750000	  18.750000	
 -143.750000	  19.250000	
 -143.750000	  19.750000	
 -143.750000	  20.250000	
 -143.750000	  20.750000	
 -143.750000	  21.250000	
 -143.750000	  21.750000	
 -143.750000	  22.250000	
 -143.750000	  22.750000	
 -143.750000	  23.250000	
 -143.750000	  23.750000	
 -143.750000	  24.250000	
 -143.750000	  24.750000	
 -143.750000	  25.250000	
 -143.750000	  25.750000	
 -143.750000	  26.250000	
 -143.750000	  26.750000	
 -143.750000	  27.250000	
 -143.750000	  27.750000	
 -143.750000	  28.250000	
 -143.750000	  28.750000	
 -143.250000	  14.250000	
 -143.250000	  14.750000	
 -143.250000	  15.250000	
 -143.250000	  15.750000	
 -143.250000	  16.250000	
 -143.250000	  16.750000	
 -143.250000	  17.250000	
 -143.250000	  17.750000	
 -143.250000	  18.250000	
 -143.250000	  18.750000	
 -143.250000	  19.250000	
 -143.250000	  19.750000	
 -143.250000	  20.250000	
 -143.250000	  20.750000	
 -143.250000	  21.250000	
 -143.250000	  21.750000	
 -143.250000	  22.250000	
 -143.250000	  22.750000	
 -143.250000	  23.250000	
 -143.250000	  23.750000	
 -143.250000	  24.250000	
 -143.250000	  24.750000	
 -143.250000	  25.250000	
 -143.250000	  25.750000	
 -143.250000	  26.250000	
 -143.250000	  26.750000	
 -143.250000	  27.250000	
 -143.250000	  27.750000	
 -143.250000	  28.250000	
 -142.750000	  14.750000	
 -142.750000	  15.250000	
 -142.750000	  15.750000	
 -142.750000	  16.250000	
 -142.750000	  16.750000	
 -142.750000	  17.250000	
 -142.750000	  17.750000	
 -142.750000	  18.250000	
 -142.750000	  18.750000	
 -142.750000	  19.250000	
 -142.750000	  19.750000	
 -142.750000	  20.250000	
 -142.750000	  20.750000	
 -142.750000	  21.250000	
 -142.750000	  21.750000	
 -142.750000	  22.250000	
 -142.750000	  22.750000	
 -142.750000	  23.250000	
 -142.750000	  23.750000	
 -142.750000	  24.250000	
 -142.750000	  24.750000	
 -142.750000	  25.250000	
 -142.750000	  25.750000	
 -142.750000	  26.250000	
 -142.750000	  26.750000	
 -142.750000	  27.250000	
 -142.750000	  27.750000	
 -142.750000	  28.250000	
 -142.250000	  14.750000	
 -142.250000	  15.250000	
 -142.250000	  15.750000	
 -142.250000	  16.250000	
 -142.250000	  16.750000	
 -142.250000	  17.250000	
 -142.250000	  17.750000	
 -142.250000	  18.250000	
 -142.250000	  18.750000	
 -142.250000	  19.250000	
 -142.250000	  19.750000	
 -142.250000	  20.250000	
 -142.250000	  20.750000	
 -142.250000	  21.250000	
 -142.250000	  21.750000	
 -142.250000	  22.250000	
 -142.250000	  22.750000	
 -142.250000	  23.250000	
 -142.250000	  23.750000	
 -142.250000	  24.250000	
 -142.250000	  24.750000	
 -142.250000	  25.250000	
 -142.250000	  25.750000	
 -142.250000	  26.250000	
 -142.250000	  26.750000	
 -142.250000	  27.250000	
 -142.250000	  27.750000	
 -141.750000	  14.750000	
 -141.750000	  15.250000	
 -141.750000	  15.750000	
 -141.750000	  16.250000	
 -141.750000	  16.750000	
 -141.750000	  17.250000	
 -141.750000	  17.750000	
 -141.750000	  18.250000	
 -141.750000	  18.750000	
 -141.750000	  19.250000	
 -141.750000	  19.750000	
 -141.750000	  20.250000	
 -141.750000	  20.750000	
 -141.750000	  21.250000	
 -141.750000	  21.750000	
 -141.750000	  22.250000	
 -141.750000	  22.750000	
 -141.750000	  23.250000	
 -141.750000	  23.750000	
 -141.750000	  24.250000	
 -141.750000	  24.750000	
 -141.750000	  25.250000	
 -141.750000	  25.750000	
 -141.750000	  26.250000	
 -141.750000	  26.750000	
 -141.750000	  27.250000	
 -141.250000	  14.750000	
 -141.250000	  15.250000	
 -141.250000	  15.750000	
 -141.250000	  16.250000	
 -141.250000	  16.750000	
 -141.250000	  17.250000	
 -141.250000	  17.750000	
 -141.250000	  18.250000	
 -141.250000	  18.750000	
 -141.250000	  19.250000	
 -141.250000	  19.750000	
 -141.250000	  20.250000	
 -141.250000	  20.750000	
 -141.250000	  21.250000	
 -141.250000	  21.750000	
 -141.250000	  22.250000	
 -141.250000	  22.750000	
 -141.250000	  23.250000	
 -141.250000	  23.750000	
 -141.250000	  24.250000	
 -141.250000	  24.750000	
 -141.250000	  25.250000	
 -141.250000	  25.750000	
 -141.250000	  26.250000	
 -141.250000	  26.750000	
 -141.250000	  27.250000	
 -140.750000	  15.250000	
 -140.750000	  15.750000	
 -140.750000	  16.250000	
 -140.750000	  16.750000	
 -140.750000	  17.250000	
 -140.750000	  17.750000	
 -140.750000	  18.250000	
 -140.750000	  18.750000	
 -140.750000	  19.250000	
 -140.750000	  19.750000	
 -140.750000	  20.250000	
 -140.750000	  20.750000	
 -140.750000	  21.250000	
 -140.750000	  21.750000	
 -140.750000	  22.250000	
 -140.750000	  22.750000	
 -140.750000	  23.250000	
 -140.750000	  23.750000	
 -140.750000	  24.250000	
 -140.750000	  24.750000	
 -140.750000	  25.250000	
 -140.750000	  25.750000	
 -140.750000	  26.250000	
 -140.750000	  26.750000	
 -140.250000	  15.250000	
 -140.250000	  15.750000	
 -140.250000	  16.250000	
 -140.250000	  16.750000	
 -140.250000	  17.250000	
 -140.250000	  17.750000	
 -140.250000	  18.250000	
 -140.250000	  18.750000	
 -140.250000	  19.250000	
 -140.250000	  19.750000	
 -140.250000	  20.250000	
 -140.250000	  20.750000	
 -140.250000	  21.250000	
 -140.250000	  21.750000	
 -140.250000	  22.250000	
 -140.250000	  22.750000	
 -140.250000	  23.250000	
 -140.250000	  23.750000	
 -140.250000	  24.250000	
 -140.250000	  24.750000	
 -140.250000	  25.250000	
 -140.250000	  25.750000	
 -140.250000	  26.250000	
 -139.750000	  15.250000	
 -139.750000	  15.750000	
 -139.750000	  16.250000	
 -139.750000	  16.750000	
 -139.750000	  17.250000	
 -139.750000	  17.750000	
 -139.750000	  18.250000	
 -139.750000	  18.750000	
 -139.750000	  19.250000	
 -139.750000	  19.750000	
 -139.750000	  20.250000	
 -139.750000	  20.750000	
 -139.750000	  21.250000	
 -139.750000	  21.750000	
 -139.750000	  22.250000	
 -139.750000	  22.750000	
 -139.750000	  23.250000	
 -139.750000	  23.750000	
 -139.750000	  24.250000	
 -139.750000	  24.750000	
 -139.750000	  25.250000	
 -139.250000	  15.750000	
 -139.250000	  16.250000	
 -139.250000	  16.750000	
 -139.250000	  17.250000	
 -139.250000	  17.750000	
 -139.250000	  18.250000	
 -139.250000	  18.750000	
 -139.250000	  19.250000	
 -139.250000	  19.750000	
 -139.250000	  20.250000	
 -139.250000	  20.750000	
 -139.250000	  21.250000	
 -139.250000	  21.750000	
 -139.250000	  22.250000	
 -139.250000	  22.750000	
 -139.250000	  23.250000	
 -139.250000	  23.750000	
 -138.750000	  16.750000	
 -138.750000	  17.250000	
 -138.750000	  17.750000	
 -138.750000	  18.250000	
 -138.750000	  18.750000	
 -138.750000	  19.250000	
 -138.750000	  19.750000	
 -138.750000	  20.250000	
 -138.750000	  20.750000	
 -138.750000	  21.250000	
 -138.750000	  21.750000	
 -138.750000	  22.250000	
 -138.750000	  22.750000	
 -138.250000	  18.250000	
 -138.250000	  18.750000	
 -138.250000	  19.250000	
 -138.250000	  19.750000	
 -138.250000	  20.250000	
 -138.250000	  20.750000	
 -138.250000	  21.250000	
 -138.250000	  21.750000	
 -137.750000	  19.250000	
 -137.750000	  19.750000	
 -137.750000	  20.250000	
 -137.750000	  20.750000	
