 130.750000	  -57.250000	
 130.750000	  -56.750000	
 130.750000	  -56.250000	
 130.750000	  -55.750000	
 131.250000	  -58.250000	
 131.250000	  -57.750000	
 131.250000	  -57.250000	
 131.250000	  -56.750000	
 131.250000	  -56.250000	
 131.250000	  -55.750000	
 131.250000	  -55.250000	
 131.250000	  -54.750000	
 131.250000	  -54.250000	
 131.750000	  -59.250000	
 131.750000	  -58.750000	
 131.750000	  -58.250000	
 131.750000	  -57.750000	
 131.750000	  -57.250000	
 131.750000	  -56.750000	
 131.750000	  -56.250000	
 131.750000	  -55.750000	
 131.750000	  -55.250000	
 131.750000	  -54.750000	
 131.750000	  -54.250000	
 131.750000	  -53.750000	
 131.750000	  -53.250000	
 132.250000	  -60.250000	
 132.250000	  -59.750000	
 132.250000	  -59.250000	
 132.250000	  -58.750000	
 132.250000	  -58.250000	
 132.250000	  -57.750000	
 132.250000	  -57.250000	
 132.250000	  -56.750000	
 132.250000	  -56.250000	
 132.250000	  -55.750000	
 132.250000	  -55.250000	
 132.250000	  -54.750000	
 132.250000	  -54.250000	
 132.250000	  -53.750000	
 132.250000	  -53.250000	
 132.250000	  -52.750000	
 132.250000	  -52.250000	
 132.250000	  -51.750000	
 132.750000	  -60.750000	
 132.750000	  -60.250000	
 132.750000	  -59.750000	
 132.750000	  -59.250000	
 132.750000	  -58.750000	
 132.750000	  -58.250000	
 132.750000	  -57.750000	
 132.750000	  -57.250000	
 132.750000	  -56.750000	
 132.750000	  -56.250000	
 132.750000	  -55.750000	
 132.750000	  -55.250000	
 132.750000	  -54.750000	
 132.750000	  -54.250000	
 132.750000	  -53.750000	
 132.750000	  -53.250000	
 132.750000	  -52.750000	
 132.750000	  -52.250000	
 132.750000	  -51.750000	
 132.750000	  -51.250000	
 132.750000	  -50.750000	
 132.750000	  -50.250000	
 133.250000	  -61.750000	
 133.250000	  -61.250000	
 133.250000	  -60.750000	
 133.250000	  -60.250000	
 133.250000	  -59.750000	
 133.250000	  -59.250000	
 133.250000	  -58.750000	
 133.250000	  -58.250000	
 133.250000	  -57.750000	
 133.250000	  -57.250000	
 133.250000	  -56.750000	
 133.250000	  -56.250000	
 133.250000	  -55.750000	
 133.250000	  -55.250000	
 133.250000	  -54.750000	
 133.250000	  -54.250000	
 133.250000	  -53.750000	
 133.250000	  -53.250000	
 133.250000	  -52.750000	
 133.250000	  -52.250000	
 133.250000	  -51.750000	
 133.250000	  -51.250000	
 133.250000	  -50.750000	
 133.250000	  -50.250000	
 133.250000	  -49.750000	
 133.750000	  -61.750000	
 133.750000	  -61.250000	
 133.750000	  -60.750000	
 133.750000	  -60.250000	
 133.750000	  -59.750000	
 133.750000	  -59.250000	
 133.750000	  -58.750000	
 133.750000	  -58.250000	
 133.750000	  -57.750000	
 133.750000	  -57.250000	
 133.750000	  -56.750000	
 133.750000	  -56.250000	
 133.750000	  -55.750000	
 133.750000	  -55.250000	
 133.750000	  -54.750000	
 133.750000	  -54.250000	
 133.750000	  -53.750000	
 133.750000	  -53.250000	
 133.750000	  -52.750000	
 133.750000	  -52.250000	
 133.750000	  -51.750000	
 133.750000	  -51.250000	
 133.750000	  -50.750000	
 133.750000	  -50.250000	
 133.750000	  -49.750000	
 133.750000	  -49.250000	
 134.250000	  -62.250000	
 134.250000	  -61.750000	
 134.250000	  -61.250000	
 134.250000	  -60.750000	
 134.250000	  -60.250000	
 134.250000	  -59.750000	
 134.250000	  -59.250000	
 134.250000	  -58.750000	
 134.250000	  -58.250000	
 134.250000	  -57.750000	
 134.250000	  -57.250000	
 134.250000	  -56.750000	
 134.250000	  -56.250000	
 134.250000	  -55.750000	
 134.250000	  -55.250000	
 134.250000	  -54.750000	
 134.250000	  -54.250000	
 134.250000	  -53.750000	
 134.250000	  -53.250000	
 134.250000	  -52.750000	
 134.250000	  -52.250000	
 134.250000	  -51.750000	
 134.250000	  -51.250000	
 134.250000	  -50.750000	
 134.250000	  -50.250000	
 134.250000	  -49.750000	
 134.250000	  -49.250000	
 134.250000	  -48.750000	
 134.750000	  -62.250000	
 134.750000	  -61.750000	
 134.750000	  -61.250000	
 134.750000	  -60.750000	
 134.750000	  -60.250000	
 134.750000	  -59.750000	
 134.750000	  -59.250000	
 134.750000	  -58.750000	
 134.750000	  -58.250000	
 134.750000	  -57.750000	
 134.750000	  -57.250000	
 134.750000	  -56.750000	
 134.750000	  -56.250000	
 134.750000	  -55.750000	
 134.750000	  -55.250000	
 134.750000	  -54.750000	
 134.750000	  -54.250000	
 134.750000	  -53.750000	
 134.750000	  -53.250000	
 134.750000	  -52.750000	
 134.750000	  -52.250000	
 134.750000	  -51.750000	
 134.750000	  -51.250000	
 134.750000	  -50.750000	
 134.750000	  -50.250000	
 134.750000	  -49.750000	
 134.750000	  -49.250000	
 134.750000	  -48.750000	
 134.750000	  -48.250000	
 135.250000	  -62.250000	
 135.250000	  -61.750000	
 135.250000	  -61.250000	
 135.250000	  -60.750000	
 135.250000	  -60.250000	
 135.250000	  -59.750000	
 135.250000	  -59.250000	
 135.250000	  -58.750000	
 135.250000	  -58.250000	
 135.250000	  -57.750000	
 135.250000	  -57.250000	
 135.250000	  -56.750000	
 135.250000	  -56.250000	
 135.250000	  -55.750000	
 135.250000	  -55.250000	
 135.250000	  -54.750000	
 135.250000	  -54.250000	
 135.250000	  -53.750000	
 135.250000	  -53.250000	
 135.250000	  -52.750000	
 135.250000	  -52.250000	
 135.250000	  -51.750000	
 135.250000	  -51.250000	
 135.250000	  -50.750000	
 135.250000	  -50.250000	
 135.250000	  -49.750000	
 135.250000	  -49.250000	
 135.250000	  -48.750000	
 135.250000	  -48.250000	
 135.750000	  -62.750000	
 135.750000	  -62.250000	
 135.750000	  -61.750000	
 135.750000	  -61.250000	
 135.750000	  -60.750000	
 135.750000	  -60.250000	
 135.750000	  -59.750000	
 135.750000	  -59.250000	
 135.750000	  -58.750000	
 135.750000	  -58.250000	
 135.750000	  -57.750000	
 135.750000	  -57.250000	
 135.750000	  -56.750000	
 135.750000	  -56.250000	
 135.750000	  -55.750000	
 135.750000	  -55.250000	
 135.750000	  -54.750000	
 135.750000	  -54.250000	
 135.750000	  -53.750000	
 135.750000	  -53.250000	
 135.750000	  -52.750000	
 135.750000	  -52.250000	
 135.750000	  -51.750000	
 135.750000	  -51.250000	
 135.750000	  -50.750000	
 135.750000	  -50.250000	
 135.750000	  -49.750000	
 135.750000	  -49.250000	
 135.750000	  -48.750000	
 135.750000	  -48.250000	
 135.750000	  -47.750000	
 136.250000	  -62.750000	
 136.250000	  -62.250000	
 136.250000	  -61.750000	
 136.250000	  -61.250000	
 136.250000	  -60.750000	
 136.250000	  -60.250000	
 136.250000	  -59.750000	
 136.250000	  -59.250000	
 136.250000	  -58.750000	
 136.250000	  -58.250000	
 136.250000	  -57.750000	
 136.250000	  -57.250000	
 136.250000	  -56.750000	
 136.250000	  -56.250000	
 136.250000	  -55.750000	
 136.250000	  -55.250000	
 136.250000	  -54.750000	
 136.250000	  -54.250000	
 136.250000	  -53.750000	
 136.250000	  -53.250000	
 136.250000	  -52.750000	
 136.250000	  -52.250000	
 136.250000	  -51.750000	
 136.250000	  -51.250000	
 136.250000	  -50.750000	
 136.250000	  -50.250000	
 136.250000	  -49.750000	
 136.250000	  -49.250000	
 136.250000	  -48.750000	
 136.250000	  -48.250000	
 136.250000	  -47.750000	
 136.250000	  -47.250000	
 136.750000	  -63.250000	
 136.750000	  -62.750000	
 136.750000	  -62.250000	
 136.750000	  -61.750000	
 136.750000	  -61.250000	
 136.750000	  -60.750000	
 136.750000	  -60.250000	
 136.750000	  -59.750000	
 136.750000	  -59.250000	
 136.750000	  -58.750000	
 136.750000	  -58.250000	
 136.750000	  -57.750000	
 136.750000	  -57.250000	
 136.750000	  -56.750000	
 136.750000	  -56.250000	
 136.750000	  -55.750000	
 136.750000	  -55.250000	
 136.750000	  -54.750000	
 136.750000	  -54.250000	
 136.750000	  -53.750000	
 136.750000	  -53.250000	
 136.750000	  -52.750000	
 136.750000	  -52.250000	
 136.750000	  -51.750000	
 136.750000	  -51.250000	
 136.750000	  -50.750000	
 136.750000	  -50.250000	
 136.750000	  -49.750000	
 136.750000	  -49.250000	
 136.750000	  -48.750000	
 136.750000	  -48.250000	
 136.750000	  -47.750000	
 136.750000	  -47.250000	
 136.750000	  -46.750000	
 137.250000	  -63.250000	
 137.250000	  -62.750000	
 137.250000	  -62.250000	
 137.250000	  -61.750000	
 137.250000	  -61.250000	
 137.250000	  -60.750000	
 137.250000	  -60.250000	
 137.250000	  -59.750000	
 137.250000	  -59.250000	
 137.250000	  -58.750000	
 137.250000	  -58.250000	
 137.250000	  -57.750000	
 137.250000	  -57.250000	
 137.250000	  -56.750000	
 137.250000	  -56.250000	
 137.250000	  -55.750000	
 137.250000	  -55.250000	
 137.250000	  -54.750000	
 137.250000	  -54.250000	
 137.250000	  -53.750000	
 137.250000	  -53.250000	
 137.250000	  -52.750000	
 137.250000	  -52.250000	
 137.250000	  -51.750000	
 137.250000	  -51.250000	
 137.250000	  -50.750000	
 137.250000	  -50.250000	
 137.250000	  -49.750000	
 137.250000	  -49.250000	
 137.250000	  -48.750000	
 137.250000	  -48.250000	
 137.250000	  -47.750000	
 137.250000	  -47.250000	
 137.250000	  -46.750000	
 137.750000	  -63.250000	
 137.750000	  -62.750000	
 137.750000	  -62.250000	
 137.750000	  -61.750000	
 137.750000	  -61.250000	
 137.750000	  -60.750000	
 137.750000	  -60.250000	
 137.750000	  -59.750000	
 137.750000	  -59.250000	
 137.750000	  -58.750000	
 137.750000	  -58.250000	
 137.750000	  -57.750000	
 137.750000	  -57.250000	
 137.750000	  -56.750000	
 137.750000	  -56.250000	
 137.750000	  -55.750000	
 137.750000	  -55.250000	
 137.750000	  -54.750000	
 137.750000	  -54.250000	
 137.750000	  -53.750000	
 137.750000	  -53.250000	
 137.750000	  -52.750000	
 137.750000	  -52.250000	
 137.750000	  -51.750000	
 137.750000	  -51.250000	
 137.750000	  -50.750000	
 137.750000	  -50.250000	
 137.750000	  -49.750000	
 137.750000	  -49.250000	
 137.750000	  -48.750000	
 137.750000	  -48.250000	
 137.750000	  -47.750000	
 137.750000	  -47.250000	
 137.750000	  -46.750000	
 137.750000	  -46.250000	
 138.250000	  -63.750000	
 138.250000	  -63.250000	
 138.250000	  -62.750000	
 138.250000	  -62.250000	
 138.250000	  -61.750000	
 138.250000	  -61.250000	
 138.250000	  -60.750000	
 138.250000	  -60.250000	
 138.250000	  -59.750000	
 138.250000	  -59.250000	
 138.250000	  -58.750000	
 138.250000	  -58.250000	
 138.250000	  -57.750000	
 138.250000	  -57.250000	
 138.250000	  -56.750000	
 138.250000	  -56.250000	
 138.250000	  -55.750000	
 138.250000	  -55.250000	
 138.250000	  -54.750000	
 138.250000	  -54.250000	
 138.250000	  -53.750000	
 138.250000	  -53.250000	
 138.250000	  -52.750000	
 138.250000	  -52.250000	
 138.250000	  -51.750000	
 138.250000	  -51.250000	
 138.250000	  -50.750000	
 138.250000	  -50.250000	
 138.250000	  -49.750000	
 138.250000	  -49.250000	
 138.250000	  -48.750000	
 138.250000	  -48.250000	
 138.250000	  -47.750000	
 138.250000	  -47.250000	
 138.250000	  -46.750000	
 138.250000	  -46.250000	
 138.250000	  -45.750000	
 138.750000	  -63.750000	
 138.750000	  -63.250000	
 138.750000	  -62.750000	
 138.750000	  -62.250000	
 138.750000	  -61.750000	
 138.750000	  -61.250000	
 138.750000	  -60.750000	
 138.750000	  -60.250000	
 138.750000	  -59.750000	
 138.750000	  -59.250000	
 138.750000	  -58.750000	
 138.750000	  -58.250000	
 138.750000	  -57.750000	
 138.750000	  -57.250000	
 138.750000	  -56.750000	
 138.750000	  -56.250000	
 138.750000	  -55.750000	
 138.750000	  -55.250000	
 138.750000	  -54.750000	
 138.750000	  -54.250000	
 138.750000	  -53.750000	
 138.750000	  -53.250000	
 138.750000	  -52.750000	
 138.750000	  -52.250000	
 138.750000	  -51.750000	
 138.750000	  -51.250000	
 138.750000	  -50.750000	
 138.750000	  -50.250000	
 138.750000	  -49.750000	
 138.750000	  -49.250000	
 138.750000	  -48.750000	
 138.750000	  -48.250000	
 138.750000	  -47.750000	
 138.750000	  -47.250000	
 138.750000	  -46.750000	
 138.750000	  -46.250000	
 138.750000	  -45.750000	
 138.750000	  -45.250000	
 139.250000	  -63.750000	
 139.250000	  -63.250000	
 139.250000	  -62.750000	
 139.250000	  -62.250000	
 139.250000	  -61.750000	
 139.250000	  -61.250000	
 139.250000	  -60.750000	
 139.250000	  -60.250000	
 139.250000	  -59.750000	
 139.250000	  -59.250000	
 139.250000	  -58.750000	
 139.250000	  -58.250000	
 139.250000	  -57.750000	
 139.250000	  -57.250000	
 139.250000	  -56.750000	
 139.250000	  -56.250000	
 139.250000	  -55.750000	
 139.250000	  -55.250000	
 139.250000	  -54.750000	
 139.250000	  -54.250000	
 139.250000	  -53.750000	
 139.250000	  -53.250000	
 139.250000	  -52.750000	
 139.250000	  -52.250000	
 139.250000	  -51.750000	
 139.250000	  -51.250000	
 139.250000	  -50.750000	
 139.250000	  -50.250000	
 139.250000	  -49.750000	
 139.250000	  -49.250000	
 139.250000	  -48.750000	
 139.250000	  -48.250000	
 139.250000	  -47.750000	
 139.250000	  -47.250000	
 139.250000	  -46.750000	
 139.250000	  -46.250000	
 139.250000	  -45.750000	
 139.250000	  -45.250000	
 139.750000	  -64.250000	
 139.750000	  -63.750000	
 139.750000	  -63.250000	
 139.750000	  -62.750000	
 139.750000	  -62.250000	
 139.750000	  -61.750000	
 139.750000	  -61.250000	
 139.750000	  -60.750000	
 139.750000	  -60.250000	
 139.750000	  -59.750000	
 139.750000	  -59.250000	
 139.750000	  -58.750000	
 139.750000	  -58.250000	
 139.750000	  -57.750000	
 139.750000	  -57.250000	
 139.750000	  -56.750000	
 139.750000	  -56.250000	
 139.750000	  -55.750000	
 139.750000	  -55.250000	
 139.750000	  -54.750000	
 139.750000	  -54.250000	
 139.750000	  -53.750000	
 139.750000	  -53.250000	
 139.750000	  -52.750000	
 139.750000	  -52.250000	
 139.750000	  -51.750000	
 139.750000	  -51.250000	
 139.750000	  -50.750000	
 139.750000	  -50.250000	
 139.750000	  -49.750000	
 139.750000	  -49.250000	
 139.750000	  -48.750000	
 139.750000	  -48.250000	
 139.750000	  -47.750000	
 139.750000	  -47.250000	
 139.750000	  -46.750000	
 139.750000	  -46.250000	
 139.750000	  -45.750000	
 139.750000	  -45.250000	
 139.750000	  -44.750000	
 140.250000	  -64.250000	
 140.250000	  -63.750000	
 140.250000	  -63.250000	
 140.250000	  -62.750000	
 140.250000	  -62.250000	
 140.250000	  -61.750000	
 140.250000	  -61.250000	
 140.250000	  -60.750000	
 140.250000	  -60.250000	
 140.250000	  -59.750000	
 140.250000	  -59.250000	
 140.250000	  -58.750000	
 140.250000	  -58.250000	
 140.250000	  -57.750000	
 140.250000	  -57.250000	
 140.250000	  -56.750000	
 140.250000	  -56.250000	
 140.250000	  -55.750000	
 140.250000	  -55.250000	
 140.250000	  -54.750000	
 140.250000	  -54.250000	
 140.250000	  -53.750000	
 140.250000	  -53.250000	
 140.250000	  -52.750000	
 140.250000	  -52.250000	
 140.250000	  -51.750000	
 140.250000	  -51.250000	
 140.250000	  -50.750000	
 140.250000	  -50.250000	
 140.250000	  -49.750000	
 140.250000	  -49.250000	
 140.250000	  -48.750000	
 140.250000	  -48.250000	
 140.250000	  -47.750000	
 140.250000	  -47.250000	
 140.250000	  -46.750000	
 140.250000	  -46.250000	
 140.250000	  -45.750000	
 140.250000	  -45.250000	
 140.250000	  -44.750000	
 140.250000	  -44.250000	
 140.750000	  -64.750000	
 140.750000	  -64.250000	
 140.750000	  -63.750000	
 140.750000	  -63.250000	
 140.750000	  -62.750000	
 140.750000	  -62.250000	
 140.750000	  -61.750000	
 140.750000	  -61.250000	
 140.750000	  -60.750000	
 140.750000	  -60.250000	
 140.750000	  -59.750000	
 140.750000	  -59.250000	
 140.750000	  -58.750000	
 140.750000	  -58.250000	
 140.750000	  -57.750000	
 140.750000	  -57.250000	
 140.750000	  -56.750000	
 140.750000	  -56.250000	
 140.750000	  -55.750000	
 140.750000	  -55.250000	
 140.750000	  -54.750000	
 140.750000	  -54.250000	
 140.750000	  -53.750000	
 140.750000	  -53.250000	
 140.750000	  -52.750000	
 140.750000	  -52.250000	
 140.750000	  -51.750000	
 140.750000	  -51.250000	
 140.750000	  -50.750000	
 140.750000	  -50.250000	
 140.750000	  -49.750000	
 140.750000	  -49.250000	
 140.750000	  -48.750000	
 140.750000	  -48.250000	
 140.750000	  -47.750000	
 140.750000	  -47.250000	
 140.750000	  -46.750000	
 140.750000	  -46.250000	
 140.750000	  -45.750000	
 140.750000	  -45.250000	
 140.750000	  -44.750000	
 140.750000	  -44.250000	
 141.250000	  -64.750000	
 141.250000	  -64.250000	
 141.250000	  -63.750000	
 141.250000	  -63.250000	
 141.250000	  -62.750000	
 141.250000	  -62.250000	
 141.250000	  -61.750000	
 141.250000	  -61.250000	
 141.250000	  -60.750000	
 141.250000	  -60.250000	
 141.250000	  -59.750000	
 141.250000	  -59.250000	
 141.250000	  -58.750000	
 141.250000	  -58.250000	
 141.250000	  -57.750000	
 141.250000	  -57.250000	
 141.250000	  -56.750000	
 141.250000	  -56.250000	
 141.250000	  -55.750000	
 141.250000	  -55.250000	
 141.250000	  -54.750000	
 141.250000	  -54.250000	
 141.250000	  -53.750000	
 141.250000	  -53.250000	
 141.250000	  -52.750000	
 141.250000	  -52.250000	
 141.250000	  -51.750000	
 141.250000	  -51.250000	
 141.250000	  -50.750000	
 141.250000	  -50.250000	
 141.250000	  -49.750000	
 141.250000	  -49.250000	
 141.250000	  -48.750000	
 141.250000	  -48.250000	
 141.250000	  -47.750000	
 141.250000	  -47.250000	
 141.250000	  -46.750000	
 141.250000	  -46.250000	
 141.250000	  -45.750000	
 141.250000	  -45.250000	
 141.250000	  -44.750000	
 141.250000	  -44.250000	
 141.750000	  -64.750000	
 141.750000	  -64.250000	
 141.750000	  -63.750000	
 141.750000	  -63.250000	
 141.750000	  -62.750000	
 141.750000	  -62.250000	
 141.750000	  -61.750000	
 141.750000	  -61.250000	
 141.750000	  -60.750000	
 141.750000	  -60.250000	
 141.750000	  -59.750000	
 141.750000	  -59.250000	
 141.750000	  -58.750000	
 141.750000	  -58.250000	
 141.750000	  -57.750000	
 141.750000	  -57.250000	
 141.750000	  -56.750000	
 141.750000	  -56.250000	
 141.750000	  -55.750000	
 141.750000	  -55.250000	
 141.750000	  -54.750000	
 141.750000	  -54.250000	
 141.750000	  -53.750000	
 141.750000	  -53.250000	
 141.750000	  -52.750000	
 141.750000	  -52.250000	
 141.750000	  -51.750000	
 141.750000	  -51.250000	
 141.750000	  -50.750000	
 141.750000	  -50.250000	
 141.750000	  -49.750000	
 141.750000	  -49.250000	
 141.750000	  -48.750000	
 141.750000	  -48.250000	
 141.750000	  -47.750000	
 141.750000	  -47.250000	
 141.750000	  -46.750000	
 141.750000	  -46.250000	
 141.750000	  -45.750000	
 141.750000	  -45.250000	
 141.750000	  -44.750000	
 141.750000	  -44.250000	
 142.250000	  -65.250000	
 142.250000	  -64.750000	
 142.250000	  -64.250000	
 142.250000	  -63.750000	
 142.250000	  -63.250000	
 142.250000	  -62.750000	
 142.250000	  -62.250000	
 142.250000	  -61.750000	
 142.250000	  -61.250000	
 142.250000	  -60.750000	
 142.250000	  -60.250000	
 142.250000	  -59.750000	
 142.250000	  -59.250000	
 142.250000	  -58.750000	
 142.250000	  -58.250000	
 142.250000	  -57.750000	
 142.250000	  -57.250000	
 142.250000	  -56.750000	
 142.250000	  -56.250000	
 142.250000	  -55.750000	
 142.250000	  -55.250000	
 142.250000	  -54.750000	
 142.250000	  -54.250000	
 142.250000	  -53.750000	
 142.250000	  -53.250000	
 142.250000	  -52.750000	
 142.250000	  -52.250000	
 142.250000	  -51.750000	
 142.250000	  -51.250000	
 142.250000	  -50.750000	
 142.250000	  -50.250000	
 142.250000	  -49.750000	
 142.250000	  -49.250000	
 142.250000	  -48.750000	
 142.250000	  -48.250000	
 142.250000	  -47.750000	
 142.250000	  -47.250000	
 142.250000	  -46.750000	
 142.250000	  -46.250000	
 142.250000	  -45.750000	
 142.250000	  -45.250000	
 142.250000	  -44.750000	
 142.250000	  -44.250000	
 142.750000	  -65.250000	
 142.750000	  -64.750000	
 142.750000	  -64.250000	
 142.750000	  -63.750000	
 142.750000	  -63.250000	
 142.750000	  -62.750000	
 142.750000	  -62.250000	
 142.750000	  -61.750000	
 142.750000	  -61.250000	
 142.750000	  -60.750000	
 142.750000	  -60.250000	
 142.750000	  -59.750000	
 142.750000	  -59.250000	
 142.750000	  -58.750000	
 142.750000	  -58.250000	
 142.750000	  -57.750000	
 142.750000	  -57.250000	
 142.750000	  -56.750000	
 142.750000	  -56.250000	
 142.750000	  -55.750000	
 142.750000	  -55.250000	
 142.750000	  -54.750000	
 142.750000	  -54.250000	
 142.750000	  -53.750000	
 142.750000	  -53.250000	
 142.750000	  -52.750000	
 142.750000	  -52.250000	
 142.750000	  -51.750000	
 142.750000	  -51.250000	
 142.750000	  -50.750000	
 142.750000	  -50.250000	
 142.750000	  -49.750000	
 142.750000	  -49.250000	
 142.750000	  -48.750000	
 142.750000	  -48.250000	
 142.750000	  -47.750000	
 142.750000	  -47.250000	
 142.750000	  -46.750000	
 142.750000	  -46.250000	
 142.750000	  -45.750000	
 142.750000	  -45.250000	
 142.750000	  -44.750000	
 142.750000	  -44.250000	
 142.750000	  -43.750000	
 143.250000	  -65.250000	
 143.250000	  -64.750000	
 143.250000	  -64.250000	
 143.250000	  -63.750000	
 143.250000	  -63.250000	
 143.250000	  -62.750000	
 143.250000	  -62.250000	
 143.250000	  -61.750000	
 143.250000	  -61.250000	
 143.250000	  -60.750000	
 143.250000	  -60.250000	
 143.250000	  -59.750000	
 143.250000	  -59.250000	
 143.250000	  -58.750000	
 143.250000	  -58.250000	
 143.250000	  -57.750000	
 143.250000	  -57.250000	
 143.250000	  -56.750000	
 143.250000	  -56.250000	
 143.250000	  -55.750000	
 143.250000	  -55.250000	
 143.250000	  -54.750000	
 143.250000	  -54.250000	
 143.250000	  -53.750000	
 143.250000	  -53.250000	
 143.250000	  -52.750000	
 143.250000	  -52.250000	
 143.250000	  -51.750000	
 143.250000	  -51.250000	
 143.250000	  -50.750000	
 143.250000	  -50.250000	
 143.250000	  -49.750000	
 143.250000	  -49.250000	
 143.250000	  -48.750000	
 143.250000	  -48.250000	
 143.250000	  -47.750000	
 143.250000	  -47.250000	
 143.250000	  -46.750000	
 143.250000	  -46.250000	
 143.250000	  -45.750000	
 143.250000	  -45.250000	
 143.250000	  -44.750000	
 143.250000	  -44.250000	
 143.250000	  -43.750000	
 143.750000	  -65.250000	
 143.750000	  -64.750000	
 143.750000	  -64.250000	
 143.750000	  -63.750000	
 143.750000	  -63.250000	
 143.750000	  -62.750000	
 143.750000	  -62.250000	
 143.750000	  -61.750000	
 143.750000	  -61.250000	
 143.750000	  -60.750000	
 143.750000	  -60.250000	
 143.750000	  -59.750000	
 143.750000	  -59.250000	
 143.750000	  -58.750000	
 143.750000	  -58.250000	
 143.750000	  -57.750000	
 143.750000	  -57.250000	
 143.750000	  -56.750000	
 143.750000	  -56.250000	
 143.750000	  -55.750000	
 143.750000	  -55.250000	
 143.750000	  -54.750000	
 143.750000	  -54.250000	
 143.750000	  -53.750000	
 143.750000	  -53.250000	
 143.750000	  -52.750000	
 143.750000	  -52.250000	
 143.750000	  -51.750000	
 143.750000	  -51.250000	
 143.750000	  -50.750000	
 143.750000	  -50.250000	
 143.750000	  -49.750000	
 143.750000	  -49.250000	
 143.750000	  -48.750000	
 143.750000	  -48.250000	
 143.750000	  -47.750000	
 143.750000	  -47.250000	
 143.750000	  -46.750000	
 143.750000	  -46.250000	
 143.750000	  -45.750000	
 143.750000	  -45.250000	
 143.750000	  -44.750000	
 143.750000	  -44.250000	
 143.750000	  -43.750000	
 144.250000	  -65.250000	
 144.250000	  -64.750000	
 144.250000	  -64.250000	
 144.250000	  -63.750000	
 144.250000	  -63.250000	
 144.250000	  -62.750000	
 144.250000	  -62.250000	
 144.250000	  -61.750000	
 144.250000	  -61.250000	
 144.250000	  -60.750000	
 144.250000	  -60.250000	
 144.250000	  -59.750000	
 144.250000	  -59.250000	
 144.250000	  -58.750000	
 144.250000	  -58.250000	
 144.250000	  -57.750000	
 144.250000	  -57.250000	
 144.250000	  -56.750000	
 144.250000	  -56.250000	
 144.250000	  -55.750000	
 144.250000	  -55.250000	
 144.250000	  -54.750000	
 144.250000	  -54.250000	
 144.250000	  -53.750000	
 144.250000	  -53.250000	
 144.250000	  -52.750000	
 144.250000	  -52.250000	
 144.250000	  -51.750000	
 144.250000	  -51.250000	
 144.250000	  -50.750000	
 144.250000	  -50.250000	
 144.250000	  -49.750000	
 144.250000	  -49.250000	
 144.250000	  -48.750000	
 144.250000	  -48.250000	
 144.250000	  -47.750000	
 144.250000	  -47.250000	
 144.250000	  -46.750000	
 144.250000	  -46.250000	
 144.250000	  -45.750000	
 144.250000	  -45.250000	
 144.250000	  -44.750000	
 144.250000	  -44.250000	
 144.250000	  -43.750000	
 144.750000	  -65.250000	
 144.750000	  -64.750000	
 144.750000	  -64.250000	
 144.750000	  -63.750000	
 144.750000	  -63.250000	
 144.750000	  -62.750000	
 144.750000	  -62.250000	
 144.750000	  -61.750000	
 144.750000	  -61.250000	
 144.750000	  -60.750000	
 144.750000	  -60.250000	
 144.750000	  -59.750000	
 144.750000	  -59.250000	
 144.750000	  -58.750000	
 144.750000	  -58.250000	
 144.750000	  -57.750000	
 144.750000	  -57.250000	
 144.750000	  -56.750000	
 144.750000	  -56.250000	
 144.750000	  -55.750000	
 144.750000	  -55.250000	
 144.750000	  -54.750000	
 144.750000	  -54.250000	
 144.750000	  -53.750000	
 144.750000	  -53.250000	
 144.750000	  -52.750000	
 144.750000	  -52.250000	
 144.750000	  -51.750000	
 144.750000	  -51.250000	
 144.750000	  -50.750000	
 144.750000	  -50.250000	
 144.750000	  -49.750000	
 144.750000	  -49.250000	
 144.750000	  -48.750000	
 144.750000	  -48.250000	
 144.750000	  -47.750000	
 144.750000	  -47.250000	
 144.750000	  -46.750000	
 144.750000	  -46.250000	
 144.750000	  -45.750000	
 144.750000	  -45.250000	
 144.750000	  -44.750000	
 144.750000	  -44.250000	
 144.750000	  -43.750000	
 145.250000	  -65.250000	
 145.250000	  -64.750000	
 145.250000	  -64.250000	
 145.250000	  -63.750000	
 145.250000	  -63.250000	
 145.250000	  -62.750000	
 145.250000	  -62.250000	
 145.250000	  -61.750000	
 145.250000	  -61.250000	
 145.250000	  -60.750000	
 145.250000	  -60.250000	
 145.250000	  -59.750000	
 145.250000	  -59.250000	
 145.250000	  -58.750000	
 145.250000	  -58.250000	
 145.250000	  -57.750000	
 145.250000	  -57.250000	
 145.250000	  -56.750000	
 145.250000	  -56.250000	
 145.250000	  -55.750000	
 145.250000	  -55.250000	
 145.250000	  -54.750000	
 145.250000	  -54.250000	
 145.250000	  -53.750000	
 145.250000	  -53.250000	
 145.250000	  -52.750000	
 145.250000	  -52.250000	
 145.250000	  -51.750000	
 145.250000	  -51.250000	
 145.250000	  -50.750000	
 145.250000	  -50.250000	
 145.250000	  -49.750000	
 145.250000	  -49.250000	
 145.250000	  -48.750000	
 145.250000	  -48.250000	
 145.250000	  -47.750000	
 145.250000	  -47.250000	
 145.250000	  -46.750000	
 145.250000	  -46.250000	
 145.250000	  -45.750000	
 145.250000	  -45.250000	
 145.250000	  -44.750000	
 145.250000	  -44.250000	
 145.250000	  -43.750000	
 145.750000	  -65.250000	
 145.750000	  -64.750000	
 145.750000	  -64.250000	
 145.750000	  -63.750000	
 145.750000	  -63.250000	
 145.750000	  -62.750000	
 145.750000	  -62.250000	
 145.750000	  -61.750000	
 145.750000	  -61.250000	
 145.750000	  -60.750000	
 145.750000	  -60.250000	
 145.750000	  -59.750000	
 145.750000	  -59.250000	
 145.750000	  -58.750000	
 145.750000	  -58.250000	
 145.750000	  -57.750000	
 145.750000	  -57.250000	
 145.750000	  -56.750000	
 145.750000	  -56.250000	
 145.750000	  -55.750000	
 145.750000	  -55.250000	
 145.750000	  -54.750000	
 145.750000	  -54.250000	
 145.750000	  -53.750000	
 145.750000	  -53.250000	
 145.750000	  -52.750000	
 145.750000	  -52.250000	
 145.750000	  -51.750000	
 145.750000	  -51.250000	
 145.750000	  -50.750000	
 145.750000	  -50.250000	
 145.750000	  -49.750000	
 145.750000	  -49.250000	
 145.750000	  -48.750000	
 145.750000	  -48.250000	
 145.750000	  -47.750000	
 145.750000	  -47.250000	
 145.750000	  -46.750000	
 145.750000	  -46.250000	
 145.750000	  -45.750000	
 145.750000	  -45.250000	
 145.750000	  -44.750000	
 145.750000	  -44.250000	
 145.750000	  -43.750000	
 146.250000	  -65.250000	
 146.250000	  -64.750000	
 146.250000	  -64.250000	
 146.250000	  -63.750000	
 146.250000	  -63.250000	
 146.250000	  -62.750000	
 146.250000	  -62.250000	
 146.250000	  -61.750000	
 146.250000	  -61.250000	
 146.250000	  -60.750000	
 146.250000	  -60.250000	
 146.250000	  -59.750000	
 146.250000	  -59.250000	
 146.250000	  -58.750000	
 146.250000	  -58.250000	
 146.250000	  -57.750000	
 146.250000	  -57.250000	
 146.250000	  -56.750000	
 146.250000	  -56.250000	
 146.250000	  -55.750000	
 146.250000	  -55.250000	
 146.250000	  -54.750000	
 146.250000	  -54.250000	
 146.250000	  -53.750000	
 146.250000	  -53.250000	
 146.250000	  -52.750000	
 146.250000	  -52.250000	
 146.250000	  -51.750000	
 146.250000	  -51.250000	
 146.250000	  -50.750000	
 146.250000	  -50.250000	
 146.250000	  -49.750000	
 146.250000	  -49.250000	
 146.250000	  -48.750000	
 146.250000	  -48.250000	
 146.250000	  -47.750000	
 146.250000	  -47.250000	
 146.250000	  -46.750000	
 146.250000	  -46.250000	
 146.250000	  -45.750000	
 146.250000	  -45.250000	
 146.250000	  -44.750000	
 146.250000	  -44.250000	
 146.250000	  -43.750000	
 146.750000	  -65.250000	
 146.750000	  -64.750000	
 146.750000	  -64.250000	
 146.750000	  -63.750000	
 146.750000	  -63.250000	
 146.750000	  -62.750000	
 146.750000	  -62.250000	
 146.750000	  -61.750000	
 146.750000	  -61.250000	
 146.750000	  -60.750000	
 146.750000	  -60.250000	
 146.750000	  -59.750000	
 146.750000	  -59.250000	
 146.750000	  -58.750000	
 146.750000	  -58.250000	
 146.750000	  -57.750000	
 146.750000	  -57.250000	
 146.750000	  -56.750000	
 146.750000	  -56.250000	
 146.750000	  -55.750000	
 146.750000	  -55.250000	
 146.750000	  -54.750000	
 146.750000	  -54.250000	
 146.750000	  -53.750000	
 146.750000	  -53.250000	
 146.750000	  -52.750000	
 146.750000	  -52.250000	
 146.750000	  -51.750000	
 146.750000	  -51.250000	
 146.750000	  -50.750000	
 146.750000	  -50.250000	
 146.750000	  -49.750000	
 146.750000	  -49.250000	
 146.750000	  -48.750000	
 146.750000	  -48.250000	
 146.750000	  -47.750000	
 146.750000	  -47.250000	
 146.750000	  -46.750000	
 146.750000	  -46.250000	
 146.750000	  -45.750000	
 146.750000	  -45.250000	
 146.750000	  -44.750000	
 146.750000	  -44.250000	
 146.750000	  -43.750000	
 147.250000	  -65.250000	
 147.250000	  -64.750000	
 147.250000	  -64.250000	
 147.250000	  -63.750000	
 147.250000	  -63.250000	
 147.250000	  -62.750000	
 147.250000	  -62.250000	
 147.250000	  -61.750000	
 147.250000	  -61.250000	
 147.250000	  -60.750000	
 147.250000	  -60.250000	
 147.250000	  -59.750000	
 147.250000	  -59.250000	
 147.250000	  -58.750000	
 147.250000	  -58.250000	
 147.250000	  -57.750000	
 147.250000	  -57.250000	
 147.250000	  -56.750000	
 147.250000	  -56.250000	
 147.250000	  -55.750000	
 147.250000	  -55.250000	
 147.250000	  -54.750000	
 147.250000	  -54.250000	
 147.250000	  -53.750000	
 147.250000	  -53.250000	
 147.250000	  -52.750000	
 147.250000	  -52.250000	
 147.250000	  -51.750000	
 147.250000	  -51.250000	
 147.250000	  -50.750000	
 147.250000	  -50.250000	
 147.250000	  -49.750000	
 147.250000	  -49.250000	
 147.250000	  -48.750000	
 147.250000	  -48.250000	
 147.250000	  -47.750000	
 147.250000	  -47.250000	
 147.250000	  -46.750000	
 147.250000	  -46.250000	
 147.250000	  -45.750000	
 147.250000	  -45.250000	
 147.250000	  -44.750000	
 147.250000	  -44.250000	
 147.250000	  -43.750000	
 147.750000	  -65.250000	
 147.750000	  -64.750000	
 147.750000	  -64.250000	
 147.750000	  -63.750000	
 147.750000	  -63.250000	
 147.750000	  -62.750000	
 147.750000	  -62.250000	
 147.750000	  -61.750000	
 147.750000	  -61.250000	
 147.750000	  -60.750000	
 147.750000	  -60.250000	
 147.750000	  -59.750000	
 147.750000	  -59.250000	
 147.750000	  -58.750000	
 147.750000	  -58.250000	
 147.750000	  -57.750000	
 147.750000	  -57.250000	
 147.750000	  -56.750000	
 147.750000	  -56.250000	
 147.750000	  -55.750000	
 147.750000	  -55.250000	
 147.750000	  -54.750000	
 147.750000	  -54.250000	
 147.750000	  -53.750000	
 147.750000	  -53.250000	
 147.750000	  -52.750000	
 147.750000	  -52.250000	
 147.750000	  -51.750000	
 147.750000	  -51.250000	
 147.750000	  -50.750000	
 147.750000	  -50.250000	
 147.750000	  -49.750000	
 147.750000	  -49.250000	
 147.750000	  -48.750000	
 147.750000	  -48.250000	
 147.750000	  -47.750000	
 147.750000	  -47.250000	
 147.750000	  -46.750000	
 147.750000	  -46.250000	
 147.750000	  -45.750000	
 147.750000	  -45.250000	
 147.750000	  -44.750000	
 147.750000	  -44.250000	
 147.750000	  -43.750000	
 148.250000	  -65.250000	
 148.250000	  -64.750000	
 148.250000	  -64.250000	
 148.250000	  -63.750000	
 148.250000	  -63.250000	
 148.250000	  -62.750000	
 148.250000	  -62.250000	
 148.250000	  -61.750000	
 148.250000	  -61.250000	
 148.250000	  -60.750000	
 148.250000	  -60.250000	
 148.250000	  -59.750000	
 148.250000	  -59.250000	
 148.250000	  -58.750000	
 148.250000	  -58.250000	
 148.250000	  -57.750000	
 148.250000	  -57.250000	
 148.250000	  -56.750000	
 148.250000	  -56.250000	
 148.250000	  -55.750000	
 148.250000	  -55.250000	
 148.250000	  -54.750000	
 148.250000	  -54.250000	
 148.250000	  -53.750000	
 148.250000	  -53.250000	
 148.250000	  -52.750000	
 148.250000	  -52.250000	
 148.250000	  -51.750000	
 148.250000	  -51.250000	
 148.250000	  -50.750000	
 148.250000	  -50.250000	
 148.250000	  -49.750000	
 148.250000	  -49.250000	
 148.250000	  -48.750000	
 148.250000	  -48.250000	
 148.250000	  -47.750000	
 148.250000	  -47.250000	
 148.250000	  -46.750000	
 148.250000	  -46.250000	
 148.250000	  -45.750000	
 148.250000	  -45.250000	
 148.250000	  -44.750000	
 148.250000	  -44.250000	
 148.250000	  -43.750000	
 148.250000	  -43.250000	
 148.750000	  -65.250000	
 148.750000	  -64.750000	
 148.750000	  -64.250000	
 148.750000	  -63.750000	
 148.750000	  -63.250000	
 148.750000	  -62.750000	
 148.750000	  -62.250000	
 148.750000	  -61.750000	
 148.750000	  -61.250000	
 148.750000	  -60.750000	
 148.750000	  -60.250000	
 148.750000	  -59.750000	
 148.750000	  -59.250000	
 148.750000	  -58.750000	
 148.750000	  -58.250000	
 148.750000	  -57.750000	
 148.750000	  -57.250000	
 148.750000	  -56.750000	
 148.750000	  -56.250000	
 148.750000	  -55.750000	
 148.750000	  -55.250000	
 148.750000	  -54.750000	
 148.750000	  -54.250000	
 148.750000	  -53.750000	
 148.750000	  -53.250000	
 148.750000	  -52.750000	
 148.750000	  -52.250000	
 148.750000	  -51.750000	
 148.750000	  -51.250000	
 148.750000	  -50.750000	
 148.750000	  -50.250000	
 148.750000	  -49.750000	
 148.750000	  -49.250000	
 148.750000	  -48.750000	
 148.750000	  -48.250000	
 148.750000	  -47.750000	
 148.750000	  -47.250000	
 148.750000	  -46.750000	
 148.750000	  -46.250000	
 148.750000	  -45.750000	
 148.750000	  -45.250000	
 148.750000	  -44.750000	
 148.750000	  -44.250000	
 148.750000	  -43.750000	
 149.250000	  -65.250000	
 149.250000	  -64.750000	
 149.250000	  -64.250000	
 149.250000	  -63.750000	
 149.250000	  -63.250000	
 149.250000	  -62.750000	
 149.250000	  -62.250000	
 149.250000	  -61.750000	
 149.250000	  -61.250000	
 149.250000	  -60.750000	
 149.250000	  -60.250000	
 149.250000	  -59.750000	
 149.250000	  -59.250000	
 149.250000	  -58.750000	
 149.250000	  -58.250000	
 149.250000	  -57.750000	
 149.250000	  -57.250000	
 149.250000	  -56.750000	
 149.250000	  -56.250000	
 149.250000	  -55.750000	
 149.250000	  -55.250000	
 149.250000	  -54.750000	
 149.250000	  -54.250000	
 149.250000	  -53.750000	
 149.250000	  -53.250000	
 149.250000	  -52.750000	
 149.250000	  -52.250000	
 149.250000	  -51.750000	
 149.250000	  -51.250000	
 149.250000	  -50.750000	
 149.250000	  -50.250000	
 149.250000	  -49.750000	
 149.250000	  -49.250000	
 149.250000	  -48.750000	
 149.250000	  -48.250000	
 149.250000	  -47.750000	
 149.250000	  -47.250000	
 149.250000	  -46.750000	
 149.250000	  -46.250000	
 149.250000	  -45.750000	
 149.250000	  -45.250000	
 149.250000	  -44.750000	
 149.250000	  -44.250000	
 149.250000	  -43.750000	
 149.750000	  -65.250000	
 149.750000	  -64.750000	
 149.750000	  -64.250000	
 149.750000	  -63.750000	
 149.750000	  -63.250000	
 149.750000	  -62.750000	
 149.750000	  -62.250000	
 149.750000	  -61.750000	
 149.750000	  -61.250000	
 149.750000	  -60.750000	
 149.750000	  -60.250000	
 149.750000	  -59.750000	
 149.750000	  -59.250000	
 149.750000	  -58.750000	
 149.750000	  -58.250000	
 149.750000	  -57.750000	
 149.750000	  -57.250000	
 149.750000	  -56.750000	
 149.750000	  -56.250000	
 149.750000	  -55.750000	
 149.750000	  -55.250000	
 149.750000	  -54.750000	
 149.750000	  -54.250000	
 149.750000	  -53.750000	
 149.750000	  -53.250000	
 149.750000	  -52.750000	
 149.750000	  -52.250000	
 149.750000	  -51.750000	
 149.750000	  -51.250000	
 149.750000	  -50.750000	
 149.750000	  -50.250000	
 149.750000	  -49.750000	
 149.750000	  -49.250000	
 149.750000	  -48.750000	
 149.750000	  -48.250000	
 149.750000	  -47.750000	
 149.750000	  -47.250000	
 149.750000	  -46.750000	
 149.750000	  -46.250000	
 149.750000	  -45.750000	
 149.750000	  -45.250000	
 149.750000	  -44.750000	
 149.750000	  -44.250000	
 149.750000	  -43.750000	
 150.250000	  -65.250000	
 150.250000	  -64.750000	
 150.250000	  -64.250000	
 150.250000	  -63.750000	
 150.250000	  -63.250000	
 150.250000	  -62.750000	
 150.250000	  -62.250000	
 150.250000	  -61.750000	
 150.250000	  -61.250000	
 150.250000	  -60.750000	
 150.250000	  -60.250000	
 150.250000	  -59.750000	
 150.250000	  -59.250000	
 150.250000	  -58.750000	
 150.250000	  -58.250000	
 150.250000	  -57.750000	
 150.250000	  -57.250000	
 150.250000	  -56.750000	
 150.250000	  -56.250000	
 150.250000	  -55.750000	
 150.250000	  -55.250000	
 150.250000	  -54.750000	
 150.250000	  -54.250000	
 150.250000	  -53.750000	
 150.250000	  -53.250000	
 150.250000	  -52.750000	
 150.250000	  -52.250000	
 150.250000	  -51.750000	
 150.250000	  -51.250000	
 150.250000	  -50.750000	
 150.250000	  -50.250000	
 150.250000	  -49.750000	
 150.250000	  -49.250000	
 150.250000	  -48.750000	
 150.250000	  -48.250000	
 150.250000	  -47.750000	
 150.250000	  -47.250000	
 150.250000	  -46.750000	
 150.250000	  -46.250000	
 150.250000	  -45.750000	
 150.250000	  -45.250000	
 150.250000	  -44.750000	
 150.250000	  -44.250000	
 150.250000	  -43.750000	
 150.750000	  -65.250000	
 150.750000	  -64.750000	
 150.750000	  -64.250000	
 150.750000	  -63.750000	
 150.750000	  -63.250000	
 150.750000	  -62.750000	
 150.750000	  -62.250000	
 150.750000	  -61.750000	
 150.750000	  -61.250000	
 150.750000	  -60.750000	
 150.750000	  -60.250000	
 150.750000	  -59.750000	
 150.750000	  -59.250000	
 150.750000	  -58.750000	
 150.750000	  -58.250000	
 150.750000	  -57.750000	
 150.750000	  -57.250000	
 150.750000	  -56.750000	
 150.750000	  -56.250000	
 150.750000	  -55.750000	
 150.750000	  -55.250000	
 150.750000	  -54.750000	
 150.750000	  -54.250000	
 150.750000	  -53.750000	
 150.750000	  -53.250000	
 150.750000	  -52.750000	
 150.750000	  -52.250000	
 150.750000	  -51.750000	
 150.750000	  -51.250000	
 150.750000	  -50.750000	
 150.750000	  -50.250000	
 150.750000	  -49.750000	
 150.750000	  -49.250000	
 150.750000	  -48.750000	
 150.750000	  -48.250000	
 150.750000	  -47.750000	
 150.750000	  -47.250000	
 150.750000	  -46.750000	
 150.750000	  -46.250000	
 150.750000	  -45.750000	
 150.750000	  -45.250000	
 150.750000	  -44.750000	
 150.750000	  -44.250000	
 151.250000	  -65.250000	
 151.250000	  -64.750000	
 151.250000	  -64.250000	
 151.250000	  -63.750000	
 151.250000	  -63.250000	
 151.250000	  -62.750000	
 151.250000	  -62.250000	
 151.250000	  -61.750000	
 151.250000	  -61.250000	
 151.250000	  -60.750000	
 151.250000	  -60.250000	
 151.250000	  -59.750000	
 151.250000	  -59.250000	
 151.250000	  -58.750000	
 151.250000	  -58.250000	
 151.250000	  -57.750000	
 151.250000	  -57.250000	
 151.250000	  -56.750000	
 151.250000	  -56.250000	
 151.250000	  -55.750000	
 151.250000	  -55.250000	
 151.250000	  -54.750000	
 151.250000	  -54.250000	
 151.250000	  -53.750000	
 151.250000	  -53.250000	
 151.250000	  -52.750000	
 151.250000	  -52.250000	
 151.250000	  -51.750000	
 151.250000	  -51.250000	
 151.250000	  -50.750000	
 151.250000	  -50.250000	
 151.250000	  -49.750000	
 151.250000	  -49.250000	
 151.250000	  -48.750000	
 151.250000	  -48.250000	
 151.250000	  -47.750000	
 151.250000	  -47.250000	
 151.250000	  -46.750000	
 151.250000	  -46.250000	
 151.250000	  -45.750000	
 151.250000	  -45.250000	
 151.250000	  -44.750000	
 151.250000	  -44.250000	
 151.750000	  -64.750000	
 151.750000	  -64.250000	
 151.750000	  -63.750000	
 151.750000	  -63.250000	
 151.750000	  -62.750000	
 151.750000	  -62.250000	
 151.750000	  -61.750000	
 151.750000	  -61.250000	
 151.750000	  -60.750000	
 151.750000	  -60.250000	
 151.750000	  -59.750000	
 151.750000	  -59.250000	
 151.750000	  -58.750000	
 151.750000	  -58.250000	
 151.750000	  -57.750000	
 151.750000	  -57.250000	
 151.750000	  -56.750000	
 151.750000	  -56.250000	
 151.750000	  -55.750000	
 151.750000	  -55.250000	
 151.750000	  -54.750000	
 151.750000	  -54.250000	
 151.750000	  -53.750000	
 151.750000	  -53.250000	
 151.750000	  -52.750000	
 151.750000	  -52.250000	
 151.750000	  -51.750000	
 151.750000	  -51.250000	
 151.750000	  -50.750000	
 151.750000	  -50.250000	
 151.750000	  -49.750000	
 151.750000	  -49.250000	
 151.750000	  -48.750000	
 151.750000	  -48.250000	
 151.750000	  -47.750000	
 151.750000	  -47.250000	
 151.750000	  -46.750000	
 151.750000	  -46.250000	
 151.750000	  -45.750000	
 151.750000	  -45.250000	
 151.750000	  -44.750000	
 151.750000	  -44.250000	
 152.250000	  -64.750000	
 152.250000	  -64.250000	
 152.250000	  -63.750000	
 152.250000	  -63.250000	
 152.250000	  -62.750000	
 152.250000	  -62.250000	
 152.250000	  -61.750000	
 152.250000	  -61.250000	
 152.250000	  -60.750000	
 152.250000	  -60.250000	
 152.250000	  -59.750000	
 152.250000	  -59.250000	
 152.250000	  -58.750000	
 152.250000	  -58.250000	
 152.250000	  -57.750000	
 152.250000	  -57.250000	
 152.250000	  -56.750000	
 152.250000	  -56.250000	
 152.250000	  -55.750000	
 152.250000	  -55.250000	
 152.250000	  -54.750000	
 152.250000	  -54.250000	
 152.250000	  -53.750000	
 152.250000	  -53.250000	
 152.250000	  -52.750000	
 152.250000	  -52.250000	
 152.250000	  -51.750000	
 152.250000	  -51.250000	
 152.250000	  -50.750000	
 152.250000	  -50.250000	
 152.250000	  -49.750000	
 152.250000	  -49.250000	
 152.250000	  -48.750000	
 152.250000	  -48.250000	
 152.250000	  -47.750000	
 152.250000	  -47.250000	
 152.250000	  -46.750000	
 152.250000	  -46.250000	
 152.250000	  -45.750000	
 152.250000	  -45.250000	
 152.250000	  -44.750000	
 152.250000	  -44.250000	
 152.750000	  -64.750000	
 152.750000	  -64.250000	
 152.750000	  -63.750000	
 152.750000	  -63.250000	
 152.750000	  -62.750000	
 152.750000	  -62.250000	
 152.750000	  -61.750000	
 152.750000	  -61.250000	
 152.750000	  -60.750000	
 152.750000	  -60.250000	
 152.750000	  -59.750000	
 152.750000	  -59.250000	
 152.750000	  -58.750000	
 152.750000	  -58.250000	
 152.750000	  -57.750000	
 152.750000	  -57.250000	
 152.750000	  -56.750000	
 152.750000	  -56.250000	
 152.750000	  -55.750000	
 152.750000	  -55.250000	
 152.750000	  -54.750000	
 152.750000	  -54.250000	
 152.750000	  -53.750000	
 152.750000	  -53.250000	
 152.750000	  -52.750000	
 152.750000	  -52.250000	
 152.750000	  -51.750000	
 152.750000	  -51.250000	
 152.750000	  -50.750000	
 152.750000	  -50.250000	
 152.750000	  -49.750000	
 152.750000	  -49.250000	
 152.750000	  -48.750000	
 152.750000	  -48.250000	
 152.750000	  -47.750000	
 152.750000	  -47.250000	
 152.750000	  -46.750000	
 152.750000	  -46.250000	
 152.750000	  -45.750000	
 152.750000	  -45.250000	
 152.750000	  -44.750000	
 153.250000	  -64.750000	
 153.250000	  -64.250000	
 153.250000	  -63.750000	
 153.250000	  -63.250000	
 153.250000	  -62.750000	
 153.250000	  -62.250000	
 153.250000	  -61.750000	
 153.250000	  -61.250000	
 153.250000	  -60.750000	
 153.250000	  -60.250000	
 153.250000	  -59.750000	
 153.250000	  -59.250000	
 153.250000	  -58.750000	
 153.250000	  -58.250000	
 153.250000	  -57.750000	
 153.250000	  -57.250000	
 153.250000	  -56.750000	
 153.250000	  -56.250000	
 153.250000	  -55.750000	
 153.250000	  -55.250000	
 153.250000	  -54.750000	
 153.250000	  -54.250000	
 153.250000	  -53.750000	
 153.250000	  -53.250000	
 153.250000	  -52.750000	
 153.250000	  -52.250000	
 153.250000	  -51.750000	
 153.250000	  -51.250000	
 153.250000	  -50.750000	
 153.250000	  -50.250000	
 153.250000	  -49.750000	
 153.250000	  -49.250000	
 153.250000	  -48.750000	
 153.250000	  -48.250000	
 153.250000	  -47.750000	
 153.250000	  -47.250000	
 153.250000	  -46.750000	
 153.250000	  -46.250000	
 153.250000	  -45.750000	
 153.250000	  -45.250000	
 153.250000	  -44.750000	
 153.750000	  -64.750000	
 153.750000	  -64.250000	
 153.750000	  -63.750000	
 153.750000	  -63.250000	
 153.750000	  -62.750000	
 153.750000	  -62.250000	
 153.750000	  -61.750000	
 153.750000	  -61.250000	
 153.750000	  -60.750000	
 153.750000	  -60.250000	
 153.750000	  -59.750000	
 153.750000	  -59.250000	
 153.750000	  -58.750000	
 153.750000	  -58.250000	
 153.750000	  -57.750000	
 153.750000	  -57.250000	
 153.750000	  -56.750000	
 153.750000	  -56.250000	
 153.750000	  -55.750000	
 153.750000	  -55.250000	
 153.750000	  -54.750000	
 153.750000	  -54.250000	
 153.750000	  -53.750000	
 153.750000	  -53.250000	
 153.750000	  -52.750000	
 153.750000	  -52.250000	
 153.750000	  -51.750000	
 153.750000	  -51.250000	
 153.750000	  -50.750000	
 153.750000	  -50.250000	
 153.750000	  -49.750000	
 153.750000	  -49.250000	
 153.750000	  -48.750000	
 153.750000	  -48.250000	
 153.750000	  -47.750000	
 153.750000	  -47.250000	
 153.750000	  -46.750000	
 153.750000	  -46.250000	
 153.750000	  -45.750000	
 153.750000	  -45.250000	
 153.750000	  -44.750000	
 154.250000	  -64.750000	
 154.250000	  -64.250000	
 154.250000	  -63.750000	
 154.250000	  -63.250000	
 154.250000	  -62.750000	
 154.250000	  -62.250000	
 154.250000	  -61.750000	
 154.250000	  -61.250000	
 154.250000	  -60.750000	
 154.250000	  -60.250000	
 154.250000	  -59.750000	
 154.250000	  -59.250000	
 154.250000	  -58.750000	
 154.250000	  -58.250000	
 154.250000	  -57.750000	
 154.250000	  -57.250000	
 154.250000	  -56.750000	
 154.250000	  -56.250000	
 154.250000	  -55.750000	
 154.250000	  -55.250000	
 154.250000	  -54.750000	
 154.250000	  -54.250000	
 154.250000	  -53.750000	
 154.250000	  -53.250000	
 154.250000	  -52.750000	
 154.250000	  -52.250000	
 154.250000	  -51.750000	
 154.250000	  -51.250000	
 154.250000	  -50.750000	
 154.250000	  -50.250000	
 154.250000	  -49.750000	
 154.250000	  -49.250000	
 154.250000	  -48.750000	
 154.250000	  -48.250000	
 154.250000	  -47.750000	
 154.250000	  -47.250000	
 154.250000	  -46.750000	
 154.250000	  -46.250000	
 154.250000	  -45.750000	
 154.250000	  -45.250000	
 154.750000	  -64.750000	
 154.750000	  -64.250000	
 154.750000	  -63.750000	
 154.750000	  -63.250000	
 154.750000	  -62.750000	
 154.750000	  -62.250000	
 154.750000	  -61.750000	
 154.750000	  -61.250000	
 154.750000	  -60.750000	
 154.750000	  -60.250000	
 154.750000	  -59.750000	
 154.750000	  -59.250000	
 154.750000	  -58.750000	
 154.750000	  -58.250000	
 154.750000	  -57.750000	
 154.750000	  -57.250000	
 154.750000	  -56.750000	
 154.750000	  -56.250000	
 154.750000	  -55.750000	
 154.750000	  -55.250000	
 154.750000	  -54.750000	
 154.750000	  -54.250000	
 154.750000	  -53.750000	
 154.750000	  -53.250000	
 154.750000	  -52.750000	
 154.750000	  -52.250000	
 154.750000	  -51.750000	
 154.750000	  -51.250000	
 154.750000	  -50.750000	
 154.750000	  -50.250000	
 154.750000	  -49.750000	
 154.750000	  -49.250000	
 154.750000	  -48.750000	
 154.750000	  -48.250000	
 154.750000	  -47.750000	
 154.750000	  -47.250000	
 154.750000	  -46.750000	
 154.750000	  -46.250000	
 154.750000	  -45.750000	
 154.750000	  -45.250000	
 155.250000	  -64.750000	
 155.250000	  -64.250000	
 155.250000	  -63.750000	
 155.250000	  -63.250000	
 155.250000	  -62.750000	
 155.250000	  -62.250000	
 155.250000	  -61.750000	
 155.250000	  -61.250000	
 155.250000	  -60.750000	
 155.250000	  -60.250000	
 155.250000	  -59.750000	
 155.250000	  -59.250000	
 155.250000	  -58.750000	
 155.250000	  -58.250000	
 155.250000	  -57.750000	
 155.250000	  -57.250000	
 155.250000	  -56.750000	
 155.250000	  -56.250000	
 155.250000	  -55.750000	
 155.250000	  -55.250000	
 155.250000	  -54.750000	
 155.250000	  -54.250000	
 155.250000	  -53.750000	
 155.250000	  -53.250000	
 155.250000	  -52.750000	
 155.250000	  -52.250000	
 155.250000	  -51.750000	
 155.250000	  -51.250000	
 155.250000	  -50.750000	
 155.250000	  -50.250000	
 155.250000	  -49.750000	
 155.250000	  -49.250000	
 155.250000	  -48.750000	
 155.250000	  -48.250000	
 155.250000	  -47.750000	
 155.250000	  -47.250000	
 155.250000	  -46.750000	
 155.250000	  -46.250000	
 155.250000	  -45.750000	
 155.250000	  -45.250000	
 155.750000	  -64.750000	
 155.750000	  -64.250000	
 155.750000	  -63.750000	
 155.750000	  -63.250000	
 155.750000	  -62.750000	
 155.750000	  -62.250000	
 155.750000	  -61.750000	
 155.750000	  -61.250000	
 155.750000	  -60.750000	
 155.750000	  -60.250000	
 155.750000	  -59.750000	
 155.750000	  -59.250000	
 155.750000	  -58.750000	
 155.750000	  -58.250000	
 155.750000	  -57.750000	
 155.750000	  -57.250000	
 155.750000	  -56.750000	
 155.750000	  -56.250000	
 155.750000	  -55.750000	
 155.750000	  -55.250000	
 155.750000	  -54.750000	
 155.750000	  -54.250000	
 155.750000	  -53.750000	
 155.750000	  -53.250000	
 155.750000	  -52.750000	
 155.750000	  -52.250000	
 155.750000	  -51.750000	
 155.750000	  -51.250000	
 155.750000	  -50.750000	
 155.750000	  -50.250000	
 155.750000	  -49.750000	
 155.750000	  -49.250000	
 155.750000	  -48.750000	
 155.750000	  -48.250000	
 155.750000	  -47.750000	
 155.750000	  -47.250000	
 155.750000	  -46.750000	
 155.750000	  -46.250000	
 155.750000	  -45.750000	
 156.250000	  -64.750000	
 156.250000	  -64.250000	
 156.250000	  -63.750000	
 156.250000	  -63.250000	
 156.250000	  -62.750000	
 156.250000	  -62.250000	
 156.250000	  -61.750000	
 156.250000	  -61.250000	
 156.250000	  -60.750000	
 156.250000	  -60.250000	
 156.250000	  -59.750000	
 156.250000	  -59.250000	
 156.250000	  -58.750000	
 156.250000	  -58.250000	
 156.250000	  -57.750000	
 156.250000	  -57.250000	
 156.250000	  -56.750000	
 156.250000	  -56.250000	
 156.250000	  -55.750000	
 156.250000	  -55.250000	
 156.250000	  -54.750000	
 156.250000	  -54.250000	
 156.250000	  -53.750000	
 156.250000	  -53.250000	
 156.250000	  -52.750000	
 156.250000	  -52.250000	
 156.250000	  -51.750000	
 156.250000	  -51.250000	
 156.250000	  -50.750000	
 156.250000	  -50.250000	
 156.250000	  -49.750000	
 156.250000	  -49.250000	
 156.250000	  -48.750000	
 156.250000	  -48.250000	
 156.250000	  -47.750000	
 156.250000	  -47.250000	
 156.250000	  -46.750000	
 156.250000	  -46.250000	
 156.250000	  -45.750000	
 156.750000	  -64.750000	
 156.750000	  -64.250000	
 156.750000	  -63.750000	
 156.750000	  -63.250000	
 156.750000	  -62.750000	
 156.750000	  -62.250000	
 156.750000	  -61.750000	
 156.750000	  -61.250000	
 156.750000	  -60.750000	
 156.750000	  -60.250000	
 156.750000	  -59.750000	
 156.750000	  -59.250000	
 156.750000	  -58.750000	
 156.750000	  -58.250000	
 156.750000	  -57.750000	
 156.750000	  -57.250000	
 156.750000	  -56.750000	
 156.750000	  -56.250000	
 156.750000	  -55.750000	
 156.750000	  -55.250000	
 156.750000	  -54.750000	
 156.750000	  -54.250000	
 156.750000	  -53.750000	
 156.750000	  -53.250000	
 156.750000	  -52.750000	
 156.750000	  -52.250000	
 156.750000	  -51.750000	
 156.750000	  -51.250000	
 156.750000	  -50.750000	
 156.750000	  -50.250000	
 156.750000	  -49.750000	
 156.750000	  -49.250000	
 156.750000	  -48.750000	
 156.750000	  -48.250000	
 156.750000	  -47.750000	
 156.750000	  -47.250000	
 156.750000	  -46.750000	
 156.750000	  -46.250000	
 156.750000	  -45.750000	
 157.250000	  -64.250000	
 157.250000	  -63.750000	
 157.250000	  -63.250000	
 157.250000	  -62.750000	
 157.250000	  -62.250000	
 157.250000	  -61.750000	
 157.250000	  -61.250000	
 157.250000	  -60.750000	
 157.250000	  -60.250000	
 157.250000	  -59.750000	
 157.250000	  -59.250000	
 157.250000	  -58.750000	
 157.250000	  -58.250000	
 157.250000	  -57.750000	
 157.250000	  -57.250000	
 157.250000	  -56.750000	
 157.250000	  -56.250000	
 157.250000	  -55.750000	
 157.250000	  -55.250000	
 157.250000	  -54.750000	
 157.250000	  -54.250000	
 157.250000	  -53.750000	
 157.250000	  -53.250000	
 157.250000	  -52.750000	
 157.250000	  -52.250000	
 157.250000	  -51.750000	
 157.250000	  -51.250000	
 157.250000	  -50.750000	
 157.250000	  -50.250000	
 157.250000	  -49.750000	
 157.250000	  -49.250000	
 157.250000	  -48.750000	
 157.250000	  -48.250000	
 157.250000	  -47.750000	
 157.250000	  -47.250000	
 157.250000	  -46.750000	
 157.250000	  -46.250000	
 157.750000	  -63.750000	
 157.750000	  -63.250000	
 157.750000	  -62.750000	
 157.750000	  -62.250000	
 157.750000	  -61.750000	
 157.750000	  -61.250000	
 157.750000	  -60.750000	
 157.750000	  -60.250000	
 157.750000	  -59.750000	
 157.750000	  -59.250000	
 157.750000	  -58.750000	
 157.750000	  -58.250000	
 157.750000	  -57.750000	
 157.750000	  -57.250000	
 157.750000	  -56.750000	
 157.750000	  -56.250000	
 157.750000	  -55.750000	
 157.750000	  -55.250000	
 157.750000	  -54.750000	
 157.750000	  -54.250000	
 157.750000	  -53.750000	
 157.750000	  -53.250000	
 157.750000	  -52.750000	
 157.750000	  -52.250000	
 157.750000	  -51.750000	
 157.750000	  -51.250000	
 157.750000	  -50.750000	
 157.750000	  -50.250000	
 157.750000	  -49.750000	
 157.750000	  -49.250000	
 157.750000	  -48.750000	
 157.750000	  -48.250000	
 157.750000	  -47.750000	
 157.750000	  -47.250000	
 157.750000	  -46.750000	
 157.750000	  -46.250000	
 158.250000	  -63.750000	
 158.250000	  -63.250000	
 158.250000	  -62.750000	
 158.250000	  -62.250000	
 158.250000	  -61.750000	
 158.250000	  -61.250000	
 158.250000	  -60.750000	
 158.250000	  -60.250000	
 158.250000	  -59.750000	
 158.250000	  -59.250000	
 158.250000	  -58.750000	
 158.250000	  -58.250000	
 158.250000	  -57.750000	
 158.250000	  -57.250000	
 158.250000	  -56.750000	
 158.250000	  -56.250000	
 158.250000	  -55.750000	
 158.250000	  -55.250000	
 158.250000	  -54.750000	
 158.250000	  -54.250000	
 158.250000	  -53.750000	
 158.250000	  -53.250000	
 158.250000	  -52.750000	
 158.250000	  -52.250000	
 158.250000	  -51.750000	
 158.250000	  -51.250000	
 158.250000	  -50.750000	
 158.250000	  -50.250000	
 158.250000	  -49.750000	
 158.250000	  -49.250000	
 158.250000	  -48.750000	
 158.250000	  -48.250000	
 158.250000	  -47.750000	
 158.250000	  -47.250000	
 158.250000	  -46.750000	
 158.750000	  -63.250000	
 158.750000	  -62.750000	
 158.750000	  -62.250000	
 158.750000	  -61.750000	
 158.750000	  -61.250000	
 158.750000	  -60.750000	
 158.750000	  -60.250000	
 158.750000	  -59.750000	
 158.750000	  -59.250000	
 158.750000	  -58.750000	
 158.750000	  -58.250000	
 158.750000	  -57.750000	
 158.750000	  -57.250000	
 158.750000	  -56.750000	
 158.750000	  -56.250000	
 158.750000	  -55.750000	
 158.750000	  -55.250000	
 158.750000	  -54.750000	
 158.750000	  -54.250000	
 158.750000	  -53.750000	
 158.750000	  -53.250000	
 158.750000	  -52.750000	
 158.750000	  -52.250000	
 158.750000	  -51.750000	
 158.750000	  -51.250000	
 158.750000	  -50.750000	
 158.750000	  -50.250000	
 158.750000	  -49.750000	
 158.750000	  -49.250000	
 158.750000	  -48.750000	
 158.750000	  -48.250000	
 158.750000	  -47.750000	
 158.750000	  -47.250000	
 158.750000	  -46.750000	
 159.250000	  -62.750000	
 159.250000	  -62.250000	
 159.250000	  -61.750000	
 159.250000	  -61.250000	
 159.250000	  -60.750000	
 159.250000	  -60.250000	
 159.250000	  -59.750000	
 159.250000	  -59.250000	
 159.250000	  -58.750000	
 159.250000	  -58.250000	
 159.250000	  -57.750000	
 159.250000	  -57.250000	
 159.250000	  -56.750000	
 159.250000	  -56.250000	
 159.250000	  -55.750000	
 159.250000	  -55.250000	
 159.250000	  -54.750000	
 159.250000	  -54.250000	
 159.250000	  -53.750000	
 159.250000	  -53.250000	
 159.250000	  -52.750000	
 159.250000	  -52.250000	
 159.250000	  -51.750000	
 159.250000	  -51.250000	
 159.250000	  -50.750000	
 159.250000	  -50.250000	
 159.250000	  -49.750000	
 159.250000	  -49.250000	
 159.250000	  -48.750000	
 159.250000	  -48.250000	
 159.250000	  -47.750000	
 159.250000	  -47.250000	
 159.250000	  -46.750000	
 159.750000	  -62.250000	
 159.750000	  -61.750000	
 159.750000	  -61.250000	
 159.750000	  -60.750000	
 159.750000	  -60.250000	
 159.750000	  -59.750000	
 159.750000	  -59.250000	
 159.750000	  -58.750000	
 159.750000	  -58.250000	
 159.750000	  -57.750000	
 159.750000	  -57.250000	
 159.750000	  -56.750000	
 159.750000	  -56.250000	
 159.750000	  -55.750000	
 159.750000	  -55.250000	
 159.750000	  -54.750000	
 159.750000	  -54.250000	
 159.750000	  -53.750000	
 159.750000	  -53.250000	
 159.750000	  -52.750000	
 159.750000	  -52.250000	
 159.750000	  -51.750000	
 159.750000	  -51.250000	
 159.750000	  -50.750000	
 159.750000	  -50.250000	
 159.750000	  -49.750000	
 159.750000	  -49.250000	
 159.750000	  -48.750000	
 159.750000	  -48.250000	
 159.750000	  -47.750000	
 159.750000	  -47.250000	
 160.250000	  -62.250000	
 160.250000	  -61.750000	
 160.250000	  -61.250000	
 160.250000	  -60.750000	
 160.250000	  -60.250000	
 160.250000	  -59.750000	
 160.250000	  -59.250000	
 160.250000	  -58.750000	
 160.250000	  -58.250000	
 160.250000	  -57.750000	
 160.250000	  -57.250000	
 160.250000	  -56.750000	
 160.250000	  -56.250000	
 160.250000	  -55.750000	
 160.250000	  -55.250000	
 160.250000	  -54.750000	
 160.250000	  -54.250000	
 160.250000	  -53.750000	
 160.250000	  -53.250000	
 160.250000	  -52.750000	
 160.250000	  -52.250000	
 160.250000	  -51.750000	
 160.250000	  -51.250000	
 160.250000	  -50.750000	
 160.250000	  -50.250000	
 160.250000	  -49.750000	
 160.250000	  -49.250000	
 160.250000	  -48.750000	
 160.250000	  -48.250000	
 160.250000	  -47.750000	
 160.250000	  -47.250000	
 160.750000	  -61.750000	
 160.750000	  -61.250000	
 160.750000	  -60.750000	
 160.750000	  -60.250000	
 160.750000	  -59.750000	
 160.750000	  -59.250000	
 160.750000	  -58.750000	
 160.750000	  -58.250000	
 160.750000	  -57.750000	
 160.750000	  -57.250000	
 160.750000	  -56.750000	
 160.750000	  -56.250000	
 160.750000	  -55.750000	
 160.750000	  -55.250000	
 160.750000	  -54.750000	
 160.750000	  -54.250000	
 160.750000	  -53.750000	
 160.750000	  -53.250000	
 160.750000	  -52.750000	
 160.750000	  -52.250000	
 160.750000	  -51.750000	
 160.750000	  -51.250000	
 160.750000	  -50.750000	
 160.750000	  -50.250000	
 160.750000	  -49.750000	
 160.750000	  -49.250000	
 160.750000	  -48.750000	
 160.750000	  -48.250000	
 160.750000	  -47.750000	
 160.750000	  -47.250000	
 161.250000	  -61.250000	
 161.250000	  -60.750000	
 161.250000	  -60.250000	
 161.250000	  -59.750000	
 161.250000	  -59.250000	
 161.250000	  -58.750000	
 161.250000	  -58.250000	
 161.250000	  -57.750000	
 161.250000	  -57.250000	
 161.250000	  -56.750000	
 161.250000	  -56.250000	
 161.250000	  -55.750000	
 161.250000	  -55.250000	
 161.250000	  -54.750000	
 161.250000	  -54.250000	
 161.250000	  -53.750000	
 161.250000	  -53.250000	
 161.250000	  -52.750000	
 161.250000	  -52.250000	
 161.250000	  -51.750000	
 161.250000	  -51.250000	
 161.250000	  -50.750000	
 161.250000	  -50.250000	
 161.250000	  -49.750000	
 161.250000	  -49.250000	
 161.250000	  -48.750000	
 161.250000	  -48.250000	
 161.250000	  -47.750000	
 161.750000	  -60.750000	
 161.750000	  -60.250000	
 161.750000	  -59.750000	
 161.750000	  -59.250000	
 161.750000	  -58.750000	
 161.750000	  -58.250000	
 161.750000	  -57.750000	
 161.750000	  -57.250000	
 161.750000	  -56.750000	
 161.750000	  -56.250000	
 161.750000	  -55.750000	
 161.750000	  -55.250000	
 161.750000	  -54.750000	
 161.750000	  -54.250000	
 161.750000	  -53.750000	
 161.750000	  -53.250000	
 161.750000	  -52.750000	
 161.750000	  -52.250000	
 161.750000	  -51.750000	
 161.750000	  -51.250000	
 161.750000	  -50.750000	
 161.750000	  -50.250000	
 161.750000	  -49.750000	
 161.750000	  -49.250000	
 161.750000	  -48.750000	
 161.750000	  -48.250000	
 162.250000	  -60.750000	
 162.250000	  -60.250000	
 162.250000	  -59.750000	
 162.250000	  -59.250000	
 162.250000	  -58.750000	
 162.250000	  -58.250000	
 162.250000	  -57.750000	
 162.250000	  -57.250000	
 162.250000	  -56.750000	
 162.250000	  -56.250000	
 162.250000	  -55.750000	
 162.250000	  -55.250000	
 162.250000	  -54.750000	
 162.250000	  -54.250000	
 162.250000	  -53.750000	
 162.250000	  -53.250000	
 162.250000	  -52.750000	
 162.250000	  -52.250000	
 162.250000	  -51.750000	
 162.250000	  -51.250000	
 162.250000	  -50.750000	
 162.250000	  -50.250000	
 162.250000	  -49.750000	
 162.250000	  -49.250000	
 162.250000	  -48.750000	
 162.750000	  -59.750000	
 162.750000	  -59.250000	
 162.750000	  -58.750000	
 162.750000	  -58.250000	
 162.750000	  -57.750000	
 162.750000	  -57.250000	
 162.750000	  -56.750000	
 162.750000	  -56.250000	
 162.750000	  -55.750000	
 162.750000	  -55.250000	
 162.750000	  -54.750000	
 162.750000	  -54.250000	
 162.750000	  -53.750000	
 162.750000	  -53.250000	
 162.750000	  -52.750000	
 162.750000	  -52.250000	
 162.750000	  -51.750000	
 162.750000	  -51.250000	
 162.750000	  -50.750000	
 162.750000	  -50.250000	
 162.750000	  -49.750000	
 163.250000	  -58.750000	
 163.250000	  -58.250000	
 163.250000	  -57.750000	
 163.250000	  -57.250000	
 163.250000	  -56.750000	
 163.250000	  -56.250000	
 163.250000	  -55.750000	
 163.250000	  -55.250000	
 163.250000	  -54.750000	
 163.250000	  -54.250000	
 163.250000	  -53.750000	
 163.250000	  -53.250000	
 163.250000	  -52.750000	
 163.250000	  -52.250000	
 163.250000	  -51.750000	
 163.250000	  -51.250000	
 163.250000	  -50.750000	
 163.250000	  -50.250000	
 163.750000	  -58.250000	
 163.750000	  -57.750000	
 163.750000	  -57.250000	
 163.750000	  -56.750000	
 163.750000	  -56.250000	
 163.750000	  -55.750000	
 163.750000	  -55.250000	
 163.750000	  -54.750000	
 163.750000	  -54.250000	
 163.750000	  -53.750000	
 163.750000	  -53.250000	
 163.750000	  -52.750000	
 163.750000	  -52.250000	
 163.750000	  -51.750000	
 163.750000	  -51.250000	
 163.750000	  -50.750000	
 164.250000	  -57.250000	
 164.250000	  -56.750000	
 164.250000	  -56.250000	
 164.250000	  -55.750000	
 164.250000	  -55.250000	
 164.250000	  -54.750000	
 164.250000	  -54.250000	
 164.250000	  -53.750000	
 164.250000	  -53.250000	
 164.250000	  -52.750000	
 164.250000	  -52.250000	
 164.250000	  -51.750000	
 164.250000	  -51.250000	
